ID	dnds	low_ci	high_ci	muts	Pvalue
PD36806_1	1.48049036851575	0.794436588465974	2.75900148997454	69	0.2185490038916
PD36806_2	1.7232588169519	1.09445461890573	2.71333401943297	144	0.0186581887702578
PD36712_1	1.67196969806529	1.08028603335603	2.58772453307023	149	0.0209215666143604
PD36806_3	1.93977879454004	1.24695532225568	3.0175433751232	159	0.00334430953767207
PD30272_1	1.61180525391408	1.07206072949395	2.42329198810533	160	0.0215976542082927
PD30274_1	1.51521454663399	1.02527136787134	2.23928531925935	165	0.0367372410473789
PD36806_4	2.00209017289836	1.28902949072632	3.10959919012993	166	0.00205361499417792
PD36806_5	2.07730004779398	1.33856436245391	3.2237340314769	170	0.00115898772396585
PD36806_10	2.11762858038522	1.36509600336037	3.28500764299762	172	0.000851902511240076
PD36806_11	2.11762858038522	1.36509600336037	3.28500764299762	172	0.000851902511240076
PD36806_12	2.11762858038522	1.36509600336037	3.28500764299762	172	0.000851902511240076
PD36806_13	2.11762858038522	1.36509600336037	3.28500764299762	172	0.000851902511240076
PD36806_14	2.11762858038522	1.36509600336037	3.28500764299762	172	0.000851902511240076
PD36806_15	2.11762858038522	1.36509600336037	3.28500764299762	172	0.000851902511240076
PD36806_16	2.11762858038522	1.36509600336037	3.28500764299762	172	0.000851902511240076
PD36806_17	2.11762858038522	1.36509600336037	3.28500764299762	172	0.000851902511240076
PD36806_18	2.11762858038522	1.36509600336037	3.28500764299762	172	0.000851902511240076
PD36806_19	2.11762858038522	1.36509600336037	3.28500764299762	172	0.000851902511240076
PD36806_20	2.11762858038522	1.36509600336037	3.28500764299762	172	0.000851902511240076
PD36806_21	2.11762858038522	1.36509600336037	3.28500764299762	172	0.000851902511240076
PD36806_22	2.11762858038522	1.36509600336037	3.28500764299762	172	0.000851902511240076
PD36806_23	2.11762858038522	1.36509600336037	3.28500764299762	172	0.000851902511240076
PD36806_24	2.11762858038522	1.36509600336037	3.28500764299762	172	0.000851902511240076
PD36806_25	2.11762858038522	1.36509600336037	3.28500764299762	172	0.000851902511240076
PD36806_26	2.11762858038522	1.36509600336037	3.28500764299762	172	0.000851902511240076
PD36806_27	2.11762858038522	1.36509600336037	3.28500764299762	172	0.000851902511240076
PD36806_28	2.11762858038522	1.36509600336037	3.28500764299762	172	0.000851902511240076
PD36806_29	2.11762858038522	1.36509600336037	3.28500764299762	172	0.000851902511240076
PD36806_30	2.11762858038522	1.36509600336037	3.28500764299762	172	0.000851902511240076
PD36806_31	2.11762858038522	1.36509600336037	3.28500764299762	172	0.000851902511240076
PD36806_32	2.11762858038522	1.36509600336037	3.28500764299762	172	0.000851902511240076
PD36806_33	2.11762858038522	1.36509600336037	3.28500764299762	172	0.000851902511240076
PD36806_34	2.11762858038522	1.36509600336037	3.28500764299762	172	0.000851902511240076
PD36806_35	2.11762858038522	1.36509600336037	3.28500764299762	172	0.000851902511240076
PD36806_36	2.11762858038522	1.36509600336037	3.28500764299762	172	0.000851902511240076
PD36806_37	2.11762858038522	1.36509600336037	3.28500764299762	172	0.000851902511240076
PD36806_38	2.11762858038522	1.36509600336037	3.28500764299762	172	0.000851902511240076
PD36806_39	2.11762858038522	1.36509600336037	3.28500764299762	172	0.000851902511240076
PD36806_6	2.11762858038522	1.36509600336037	3.28500764299762	172	0.000851902511240076
PD36806_7	2.11762858038522	1.36509600336037	3.28500764299762	172	0.000851902511240076
PD36806_8	2.11762858038522	1.36509600336037	3.28500764299762	172	0.000851902511240076
PD36806_9	2.11762858038522	1.36509600336037	3.28500764299762	172	0.000851902511240076
PD36806_40	2.12703839193852	1.37143041040877	3.29895872691919	173	0.00079050624530453
PD36806_41	2.12703839193852	1.37143041040877	3.29895872691919	173	0.00079050624530453
PD36806_42	2.12703839193852	1.37143041040877	3.29895872691919	173	0.00079050624530453
PD36806_43	2.12703839193852	1.37143041040877	3.29895872691919	173	0.00079050624530453
PD36806_44	2.12703839193852	1.37143041040877	3.29895872691919	173	0.00079050624530453
PD36806_45	2.12703839193852	1.37143041040877	3.29895872691919	173	0.00079050624530453
PD36806_46	2.12703839193852	1.37143041040877	3.29895872691919	173	0.00079050624530453
PD36806_47	2.12703839193852	1.37143041040877	3.29895872691919	173	0.00079050624530453
PD36806_48	2.12703839193852	1.37143041040877	3.29895872691919	173	0.00079050624530453
PD36806_49	2.12703839193852	1.37143041040877	3.29895872691919	173	0.00079050624530453
PD36806_50	2.12703839193852	1.37143041040877	3.29895872691919	173	0.00079050624530453
PD31182_1	1.70947809562532	1.19507161119239	2.44530564700388	215	0.00337914604175331
PD30987_1	2.20291676797678	1.52891584592727	3.17404146183733	259	2.72054752886201e-05
PD30986_1	1.68733116538325	1.21907102033901	2.33545578081403	278	0.00165981742939226
PD36712_2	2.25193081478441	1.60173178820304	3.16606839667261	294	4.03215804748897e-06
PD30272_2	1.52763738537534	1.14117155592014	2.04498260501659	307	0.00445192264400974
PD30273_1	2.33010215304669	1.64633654330009	3.29785308218308	311	2.49829017585787e-06
PD36712_3	2.36597549207571	1.69241135399315	3.3076119560975	318	7.00660608253989e-07
PD30988_1	1.83643088691936	1.35484092509065	2.48920617909869	321	0.000101914280446919
PD30272_3	1.55269100374455	1.16654739201103	2.0666535878608	324	0.0026154961268698
PD30272_4	1.56038948180081	1.17244134973996	2.0767054449714	325	0.00233576561221369
PD36712_4	2.36125676850466	1.69603024902123	3.28740217341445	325	5.44650730947172e-07
PD30272_5	1.57536566662145	1.1839140703067	2.0962475620606	327	0.00187130485540341
PD30272_6	1.58291558840658	1.18969731142007	2.10610021218736	328	0.00167225303915412
PD30274_2	1.7538237417224	1.31814803688633	2.33349944843441	328	0.000129781623623476
PD30272_7	1.59838954345519	1.20154584572531	2.12630183169138	330	0.00132626707488553
PD30272_8	1.59838954345519	1.20154584572531	2.12630183169138	330	0.00132626707488553
PD30272_9	1.59838954345519	1.20154584572531	2.12630183169138	330	0.00132626707488553
PD30272_10	1.60595397544989	1.20734085283233	2.13617237022418	331	0.0011832569976346
PD30272_11	1.60595397544989	1.20734085283233	2.13617237022418	331	0.0011832569976346
PD30272_12	1.60595397544989	1.20734085283233	2.13617237022418	331	0.0011832569976346
PD30272_13	1.60595397544989	1.20734085283233	2.13617237022418	331	0.0011832569976346
PD30272_14	1.60595397544989	1.20734085283233	2.13617237022418	331	0.0011832569976346
PD30272_15	1.60595397544989	1.20734085283233	2.13617237022418	331	0.0011832569976346
PD30272_16	1.60595397544989	1.20734085283233	2.13617237022418	331	0.0011832569976346
PD30272_17	1.60595397544989	1.20734085283233	2.13617237022418	331	0.0011832569976346
PD30272_18	1.60595397544989	1.20734085283233	2.13617237022418	331	0.0011832569976346
PD30272_19	1.60595397544989	1.20734085283233	2.13617237022418	331	0.0011832569976346
PD30272_20	1.60595397544989	1.20734085283233	2.13617237022418	331	0.0011832569976346
PD30272_21	1.60595397544989	1.20734085283233	2.13617237022418	331	0.0011832569976346
PD30272_22	1.60595397544989	1.20734085283233	2.13617237022418	331	0.0011832569976346
PD30272_23	1.60595397544989	1.20734085283233	2.13617237022418	331	0.0011832569976346
PD30272_24	1.60595397544989	1.20734085283233	2.13617237022418	331	0.0011832569976346
PD30272_25	1.60595397544989	1.20734085283233	2.13617237022418	331	0.0011832569976346
PD30272_26	1.60595397544989	1.20734085283233	2.13617237022418	331	0.0011832569976346
PD30272_27	1.60595397544989	1.20734085283233	2.13617237022418	331	0.0011832569976346
PD30272_28	1.60595397544989	1.20734085283233	2.13617237022418	331	0.0011832569976346
PD30272_29	1.60595397544989	1.20734085283233	2.13617237022418	331	0.0011832569976346
PD30272_30	1.60595397544989	1.20734085283233	2.13617237022418	331	0.0011832569976346
PD30272_31	1.60595397544989	1.20734085283233	2.13617237022418	331	0.0011832569976346
PD30272_32	1.60595397544989	1.20734085283233	2.13617237022418	331	0.0011832569976346
PD30272_33	1.60595397544989	1.20734085283233	2.13617237022418	331	0.0011832569976346
PD30272_34	1.60595397544989	1.20734085283233	2.13617237022418	331	0.0011832569976346
PD30272_35	1.60595397544989	1.20734085283233	2.13617237022418	331	0.0011832569976346
PD30272_36	1.60595397544989	1.20734085283233	2.13617237022418	331	0.0011832569976346
PD30272_37	1.60595397544989	1.20734085283233	2.13617237022418	331	0.0011832569976346
PD30272_38	1.60595397544989	1.20734085283233	2.13617237022418	331	0.0011832569976346
PD30272_39	1.60595397544989	1.20734085283233	2.13617237022418	331	0.0011832569976346
PD30272_40	1.60595397544989	1.20734085283233	2.13617237022418	331	0.0011832569976346
PD30272_41	1.60595397544989	1.20734085283233	2.13617237022418	331	0.0011832569976346
PD30272_42	1.60595397544989	1.20734085283233	2.13617237022418	331	0.0011832569976346
PD30272_43	1.60595397544989	1.20734085283233	2.13617237022418	331	0.0011832569976346
PD30272_44	1.60595397544989	1.20734085283233	2.13617237022418	331	0.0011832569976346
PD30272_45	1.60595397544989	1.20734085283233	2.13617237022418	331	0.0011832569976346
PD30272_46	1.60595397544989	1.20734085283233	2.13617237022418	331	0.0011832569976346
PD30272_47	1.60595397544989	1.20734085283233	2.13617237022418	331	0.0011832569976346
PD30272_48	1.60595397544989	1.20734085283233	2.13617237022418	331	0.0011832569976346
PD30272_49	1.60595397544989	1.20734085283233	2.13617237022418	331	0.0011832569976346
PD30272_50	1.60595397544989	1.20734085283233	2.13617237022418	331	0.0011832569976346
PD36712_5	2.40916835445415	1.7311712654746	3.35269668337068	331	2.90524856014108e-07
PD36712_6	2.44965902228787	1.76074380882704	3.40812178091596	335	1.7165274839729e-07
PD36712_7	2.47247219801386	1.77737725461387	3.43940418618643	337	1.27754036111654e-07
PD36712_8	2.47247219801386	1.77737725461387	3.43940418618643	337	1.27754036111654e-07
PD36712_10	2.47605132627595	1.7800672707366	3.44415644910763	338	1.21501521556418e-07
PD36712_9	2.47605132627595	1.7800672707366	3.44415644910763	338	1.21501521556418e-07
PD36712_11	2.48659150132884	1.78776156771541	3.45859168590489	339	1.05948639183019e-07
PD36712_12	2.48659150132884	1.78776156771541	3.45859168590489	339	1.05948639183019e-07
PD36712_13	2.48659150132884	1.78776156771541	3.45859168590489	339	1.05948639183019e-07
PD36712_14	2.48659150132884	1.78776156771541	3.45859168590489	339	1.05948639183019e-07
PD36712_15	2.48659150132884	1.78776156771541	3.45859168590489	339	1.05948639183019e-07
PD36712_16	2.48659150132884	1.78776156771541	3.45859168590489	339	1.05948639183019e-07
PD36712_17	2.48659150132884	1.78776156771541	3.45859168590489	339	1.05948639183019e-07
PD36712_18	2.48659150132884	1.78776156771541	3.45859168590489	339	1.05948639183019e-07
PD36712_19	2.48659150132884	1.78776156771541	3.45859168590489	339	1.05948639183019e-07
PD36712_20	2.48659150132884	1.78776156771541	3.45859168590489	339	1.05948639183019e-07
PD36712_21	2.48659150132884	1.78776156771541	3.45859168590489	339	1.05948639183019e-07
PD36712_22	2.48659150132884	1.78776156771541	3.45859168590489	339	1.05948639183019e-07
PD36712_23	2.48659150132884	1.78776156771541	3.45859168590489	339	1.05948639183019e-07
PD36712_24	2.48659150132884	1.78776156771541	3.45859168590489	339	1.05948639183019e-07
PD36712_25	2.48659150132884	1.78776156771541	3.45859168590489	339	1.05948639183019e-07
PD36712_26	2.48659150132884	1.78776156771541	3.45859168590489	339	1.05948639183019e-07
PD36712_27	2.48659150132884	1.78776156771541	3.45859168590489	339	1.05948639183019e-07
PD36712_28	2.48659150132884	1.78776156771541	3.45859168590489	339	1.05948639183019e-07
PD36712_29	2.48659150132884	1.78776156771541	3.45859168590489	339	1.05948639183019e-07
PD36712_30	2.48659150132884	1.78776156771541	3.45859168590489	339	1.05948639183019e-07
PD36712_31	2.48659150132884	1.78776156771541	3.45859168590489	339	1.05948639183019e-07
PD36712_32	2.48659150132884	1.78776156771541	3.45859168590489	339	1.05948639183019e-07
PD36712_33	2.48659150132884	1.78776156771541	3.45859168590489	339	1.05948639183019e-07
PD36712_34	2.48659150132884	1.78776156771541	3.45859168590489	339	1.05948639183019e-07
PD36712_35	2.48659150132884	1.78776156771541	3.45859168590489	339	1.05948639183019e-07
PD36712_36	2.48659150132884	1.78776156771541	3.45859168590489	339	1.05948639183019e-07
PD36712_37	2.48659150132884	1.78776156771541	3.45859168590489	339	1.05948639183019e-07
PD36712_38	2.48659150132884	1.78776156771541	3.45859168590489	339	1.05948639183019e-07
PD36712_39	2.48659150132884	1.78776156771541	3.45859168590489	339	1.05948639183019e-07
PD36712_40	2.48659150132884	1.78776156771541	3.45859168590489	339	1.05948639183019e-07
PD36712_41	2.48659150132884	1.78776156771541	3.45859168590489	339	1.05948639183019e-07
PD36712_42	2.48659150132884	1.78776156771541	3.45859168590489	339	1.05948639183019e-07
PD36712_43	2.48659150132884	1.78776156771541	3.45859168590489	339	1.05948639183019e-07
PD36712_44	2.48659150132884	1.78776156771541	3.45859168590489	339	1.05948639183019e-07
PD36712_45	2.48659150132884	1.78776156771541	3.45859168590489	339	1.05948639183019e-07
PD36712_46	2.48659150132884	1.78776156771541	3.45859168590489	339	1.05948639183019e-07
PD36712_47	2.48659150132884	1.78776156771541	3.45859168590489	339	1.05948639183019e-07
PD36712_48	2.48659150132884	1.78776156771541	3.45859168590489	339	1.05948639183019e-07
PD36712_49	2.48659150132884	1.78776156771541	3.45859168590489	339	1.05948639183019e-07
PD36712_50	2.48659150132884	1.78776156771541	3.45859168590489	339	1.05948639183019e-07
PD30274_3	1.83126660302246	1.39147698645429	2.41005593623994	369	1.93856312632117e-05
PD30274_4	1.77792972607984	1.36952402524641	2.30812607344334	398	1.90595890235634e-05
PD31182_10	3.01745147339718	2.19355983814332	4.15079326124675	417	3.64202978199626e-11
PD30274_5	1.84010608761247	1.42138930008387	2.38216962338795	418	4.85915248665856e-06
PD30274_6	1.8808427437965	1.45605701697611	2.42955419028758	430	1.85000443149691e-06
PD30274_7	1.89960558552789	1.47340023836995	2.44909786668754	438	1.07683192296191e-06
PD30274_8	1.9319419700523	1.49897834394734	2.48996244056523	444	5.51299030405084e-07
PD30274_9	1.97701866524074	1.53460549671484	2.5469756305953	452	2.15348956149448e-07
PD30274_10	1.99168531372353	1.54623056961307	2.56547145481327	455	1.57920046828704e-07
PD30274_11	2.00444478554815	1.55637479490814	2.5815111575026	458	1.20211835559035e-07
PD30274_12	2.03196606155959	1.57813877999591	2.61630100449131	463	6.71309958025849e-08
PD30274_13	2.05826526476396	1.59903185058102	2.64938806478088	469	3.80915052715914e-08
PD30274_14	2.06952104878229	1.60792995215811	2.66362186089299	471	2.99609099117298e-08
PD31182_2	2.08834798794838	1.61527297208716	2.6999754184785	472	3.52057083648579e-08
PD30274_15	2.08229810946498	1.61808651295812	2.67968701423424	474	2.27041362143907e-08
PD30274_16	2.09907934494199	1.63135449174708	2.70090536339737	477	1.58446089875515e-08
PD30274_17	2.09907934494199	1.63135449174708	2.70090536339737	477	1.58446089875515e-08
PD30274_18	2.09907934494199	1.63135449174708	2.70090536339737	477	1.58446089875515e-08
PD30274_19	2.09907934494199	1.63135449174708	2.70090536339737	477	1.58446089875515e-08
PD30274_20	2.09907934494199	1.63135449174708	2.70090536339737	477	1.58446089875515e-08
PD30274_21	2.10225191210916	1.63389550383564	2.70486275994502	478	1.47639451178803e-08
PD30274_22	2.10890130298	1.63921369419815	2.71316956504948	480	1.27377201376325e-08
PD30274_23	2.1079892044811	1.63857931523748	2.71187268439602	481	1.29024463411134e-08
PD30274_24	2.1182720786493	1.64672107218581	2.72485527450573	483	1.03316406663345e-08
PD30274_25	2.12496161266837	1.65199547223393	2.73333791236612	484	8.95512036769746e-09
PD30274_26	2.13165222490874	1.65727083435618	2.74182174316946	485	7.76078118207687e-09
PD30274_27	2.13165222490874	1.65727083435618	2.74182174316946	485	7.76078118207687e-09
PD30274_28	2.13681666723847	1.66135977389764	2.748342376604	486	6.93901238211889e-09
PD30274_29	2.14087872778166	1.66459159420195	2.75344519522544	487	6.34593093504571e-09
PD30274_30	2.14087872778166	1.66459159420195	2.75344519522544	487	6.34593093504571e-09
PD30274_31	2.146042729164	1.66868018764534	2.75996528843341	488	5.67316843664653e-09
PD30274_32	2.146042729164	1.66868018764534	2.75996528843341	488	5.67316843664653e-09
PD30274_33	2.146042729164	1.66868018764534	2.75996528843341	488	5.67316843664653e-09
PD30274_34	2.146042729164	1.66868018764534	2.75996528843341	488	5.67316843664653e-09
PD30274_35	2.146042729164	1.66868018764534	2.75996528843341	488	5.67316843664653e-09
PD30274_36	2.146042729164	1.66868018764534	2.75996528843341	488	5.67316843664653e-09
PD30274_37	2.146042729164	1.66868018764534	2.75996528843341	488	5.67316843664653e-09
PD30274_38	2.146042729164	1.66868018764534	2.75996528843341	488	5.67316843664653e-09
PD30274_39	2.146042729164	1.66868018764534	2.75996528843341	488	5.67316843664653e-09
PD30274_40	2.15239237673397	1.67369075032315	2.76801012524447	489	4.94904076434293e-09
PD30274_41	2.15239237673397	1.67369075032315	2.76801012524447	489	4.94904076434293e-09
PD30274_42	2.15251964918405	1.67386275126637	2.76805301785827	490	4.90708404469568e-09
PD30274_43	2.15251964918405	1.67386275126637	2.76805301785827	490	4.90708404469568e-09
PD30274_44	2.15939841126723	1.67928477770642	2.77677828113956	491	4.23374345614865e-09
PD30274_45	2.15939841126723	1.67928477770642	2.77677828113956	491	4.23374345614865e-09
PD30274_46	2.15939841126723	1.67928477770642	2.77677828113956	491	4.23374345614865e-09
PD30274_47	2.15939841126723	1.67928477770642	2.77677828113956	491	4.23374345614865e-09
PD30274_48	2.13043466885765	1.65924560187017	2.73543101344063	492	6.29766121986813e-09
PD30274_49	2.13043466885765	1.65924560187017	2.73543101344063	492	6.29766121986813e-09
PD30274_50	2.13043466885765	1.65924560187017	2.73543101344063	492	6.29766121986813e-09
PD30987_2	2.78085788443216	2.09186597317255	3.69678109046359	500	7.09080850769634e-12
PD31182_11	2.96788847619425	2.23351139575128	3.94372825850919	513	3.16828977657471e-13
PD30987_3	2.91504831460648	2.21119515717807	3.84294739833575	549	1.71676052429649e-13
PD31182_3	2.4067630229364	1.87666826227884	3.0865914690432	563	1.56849018986214e-11
PD30987_4	2.98650711873395	2.27155635159052	3.92648184316598	569	2.91157097500656e-14
PD30986_2	2.2601219906086	1.76282330010668	2.89771040133373	572	3.34498816206507e-10
PD30987_5	2.99205093381179	2.28117380631366	3.92445712191956	579	1.60534777687315e-14
PD30987_6	3.06819384385666	2.33988364226428	4.02319726222381	590	3.94755505022781e-15
PD30987_7	3.07970517737475	2.34883805175703	4.03798975091277	593	3.17033233197738e-15
PD30987_8	3.12122957150118	2.38080009858784	4.09193281023128	598	1.48608507053623e-15
PD30987_9	3.12122957150118	2.38080009858784	4.09193281023128	598	1.48608507053623e-15
PD30273_2	2.43061093285213	1.89439922759892	3.11859792847799	599	1.02878760766358e-11
PD30987_10	3.1453272968274	2.39935535962452	4.12322575081824	601	9.57368756974623e-16
PD30987_11	3.18538266241771	2.43020044621183	4.17523695292208	606	4.61352018286741e-16
PD30987_12	3.18538266241771	2.43020044621183	4.17523695292208	606	4.61352018286741e-16
PD30987_13	3.18538266241771	2.43020044621183	4.17523695292208	606	4.61352018286741e-16
PD30987_14	3.18538266241771	2.43020044621183	4.17523695292208	606	4.61352018286741e-16
PD30987_15	3.18538266241771	2.43020044621183	4.17523695292208	606	4.61352018286741e-16
PD30987_16	3.19703383145703	2.43920429586931	4.1903112981515	608	3.72021718306501e-16
PD30987_17	3.19703383145703	2.43920429586931	4.1903112981515	608	3.72021718306501e-16
PD30987_18	3.19703383145703	2.43920429586931	4.1903112981515	608	3.72021718306501e-16
PD30987_19	3.19703383145703	2.43920429586931	4.1903112981515	608	3.72021718306501e-16
PD30987_20	3.19703383145703	2.43920429586931	4.1903112981515	608	3.72021718306501e-16
PD30987_21	3.19703383145703	2.43920429586931	4.1903112981515	608	3.72021718306501e-16
PD30987_22	3.19703383145703	2.43920429586931	4.1903112981515	608	3.72021718306501e-16
PD30987_23	3.19703383145703	2.43920429586931	4.1903112981515	608	3.72021718306501e-16
PD30987_24	3.19703383145703	2.43920429586931	4.1903112981515	608	3.72021718306501e-16
PD30987_25	3.19703383145703	2.43920429586931	4.1903112981515	608	3.72021718306501e-16
PD30987_26	3.19703383145703	2.43920429586931	4.1903112981515	608	3.72021718306501e-16
PD30987_27	3.19703383145703	2.43920429586931	4.1903112981515	608	3.72021718306501e-16
PD30987_28	3.19703383145703	2.43920429586931	4.1903112981515	608	3.72021718306501e-16
PD30987_29	3.19703383145703	2.43920429586931	4.1903112981515	608	3.72021718306501e-16
PD30987_30	3.19703383145703	2.43920429586931	4.1903112981515	608	3.72021718306501e-16
PD30987_31	3.19703383145703	2.43920429586931	4.1903112981515	608	3.72021718306501e-16
PD30987_32	3.19703383145703	2.43920429586931	4.1903112981515	608	3.72021718306501e-16
PD30987_33	3.19703383145703	2.43920429586931	4.1903112981515	608	3.72021718306501e-16
PD30987_34	3.19703383145703	2.43920429586931	4.1903112981515	608	3.72021718306501e-16
PD30987_35	3.19703383145703	2.43920429586931	4.1903112981515	608	3.72021718306501e-16
PD30987_36	3.19703383145703	2.43920429586931	4.1903112981515	608	3.72021718306501e-16
PD30987_37	3.19703383145703	2.43920429586931	4.1903112981515	608	3.72021718306501e-16
PD30987_38	3.19703383145703	2.43920429586931	4.1903112981515	608	3.72021718306501e-16
PD30987_39	3.19703383145703	2.43920429586931	4.1903112981515	608	3.72021718306501e-16
PD30987_40	3.19703383145703	2.43920429586931	4.1903112981515	608	3.72021718306501e-16
PD30987_41	3.19703383145703	2.43920429586931	4.1903112981515	608	3.72021718306501e-16
PD30987_42	3.19703383145703	2.43920429586931	4.1903112981515	608	3.72021718306501e-16
PD30987_43	3.19703383145703	2.43920429586931	4.1903112981515	608	3.72021718306501e-16
PD30987_44	3.19703383145703	2.43920429586931	4.1903112981515	608	3.72021718306501e-16
PD30987_45	3.19703383145703	2.43920429586931	4.1903112981515	608	3.72021718306501e-16
PD30987_46	3.19703383145703	2.43920429586931	4.1903112981515	608	3.72021718306501e-16
PD30987_47	3.19703383145703	2.43920429586931	4.1903112981515	608	3.72021718306501e-16
PD30987_48	3.19703383145703	2.43920429586931	4.1903112981515	608	3.72021718306501e-16
PD30987_49	3.19703383145703	2.43920429586931	4.1903112981515	608	3.72021718306501e-16
PD30987_50	3.19703383145703	2.43920429586931	4.1903112981515	608	3.72021718306501e-16
PD31182_4	2.55940625183129	2.00744543207366	3.2631324653973	614	1.78085986278715e-13
PD31182_5	2.69701600086028	2.11675090747288	3.43634921011109	639	7.24819635318336e-15
PD31182_6	2.73236865579461	2.14850909725964	3.47489265029936	658	2.05896640029129e-15
PD30986_3	2.66710963811237	2.09481029523728	3.39576038836783	670	1.18032013921988e-14
PD30988_2	2.24566284721458	1.79094551061677	2.81583196890404	673	8.79986445499729e-12
PD31182_7	2.74626335840418	2.16327041509729	3.48637062712025	675	9.46073949171219e-16
PD30273_3	2.49777557819228	1.97557428704561	3.15800973920539	679	1.1106136448464e-13
PD31182_8	2.73977666807127	2.16468820839198	3.46764774797925	690	4.87121303378967e-16
PD31182_12	2.83677646114512	2.23877274734613	3.59451431595566	699	7.06524702263542e-17
PD31182_9	2.76118571270689	2.18524642291325	3.48891843963875	707	1.84976516641223e-16
PD30986_4	2.85815937995729	2.25379294329193	3.6245898566467	726	5.48227035068903e-17
PD30273_4	2.70287621364197	2.14288276921125	3.40921114828906	731	4.52419368620043e-16
PD31182_13	2.84261449014415	2.25690858448814	3.58032097317318	740	1.01608005448911e-17
PD31182_14	2.8649673270727	2.27482908719428	3.60819976823739	744	5.77528485931105e-18
PD31182_15	2.87600980329146	2.28368325220095	3.62197006991088	746	4.36842649190845e-18
PD31182_16	2.90526053138434	2.30716809360915	3.65839783351716	752	2.07678820083874e-18
PD31182_17	2.9137085355953	2.31400495298229	3.66883286894411	755	1.66278129911794e-18
PD31182_18	2.91734614345828	2.31693634503122	3.67334585561788	756	1.51364619182001e-18
PD30273_5	2.7704380337166	2.20327290934686	3.48360244711526	763	3.5448515975199e-17
PD30986_5	2.84703813914259	2.26138517750219	3.58436335674825	763	7.98694172658322e-18
PD31182_19	2.96026485995672	2.35136228254229	3.72684724347107	764	5.11231674051703e-19
PD31182_20	2.96026485995672	2.35136228254229	3.72684724347107	764	5.11231674051703e-19
PD31182_21	2.97394604982533	2.36235550137514	3.74387136149633	767	3.60786910868374e-19
PD31182_22	2.98214179457824	2.36894960323293	3.75405608917714	769	2.92454140733768e-19
PD31182_23	2.99394920013301	2.37841270981858	3.76878738327159	771	2.1728072401121e-19
PD31182_24	3.00653045124303	2.38849078080291	3.78449246147521	773	1.58456724492378e-19
PD30988_3	2.43601475340927	1.96350959888234	3.02222504142859	774	4.43187219038708e-15
PD31182_25	3.02987233425961	2.4072425857289	3.81354435001077	778	8.75493723421875e-20
PD31182_26	3.04439970039483	2.41890881257914	3.83163246483931	781	6.05699567367279e-20
PD31182_27	3.04439970039483	2.41890881257914	3.83163246483931	781	6.05699567367279e-20
PD31182_28	3.04439970039483	2.41890881257914	3.83163246483931	781	6.05699567367279e-20
PD31182_29	3.04439970039483	2.41890881257914	3.83163246483931	781	6.05699567367279e-20
PD31182_30	3.04439970039483	2.41890881257914	3.83163246483931	781	6.05699567367279e-20
PD31182_31	3.04439970039483	2.41890881257914	3.83163246483931	781	6.05699567367279e-20
PD31182_32	3.04439970039483	2.41890881257914	3.83163246483931	781	6.05699567367279e-20
PD31182_33	3.04439970039483	2.41890881257914	3.83163246483931	781	6.05699567367279e-20
PD31182_34	3.04439970039483	2.41890881257914	3.83163246483931	781	6.05699567367279e-20
PD31182_35	3.04439970039483	2.41890881257914	3.83163246483931	781	6.05699567367279e-20
PD31182_36	3.04439970039483	2.41890881257914	3.83163246483931	781	6.05699567367279e-20
PD31182_37	3.04439970039483	2.41890881257914	3.83163246483931	781	6.05699567367279e-20
PD31182_38	3.04439970039483	2.41890881257914	3.83163246483931	781	6.05699567367279e-20
PD30986_6	2.94158371697712	2.33725700468213	3.70216657673971	782	7.23103318626055e-19
PD31182_39	3.0459807748125	2.42020628371561	3.83355705790639	782	5.79529162994152e-20
PD31182_40	3.0459807748125	2.42020628371561	3.83355705790639	782	5.79529162994152e-20
PD31182_41	3.0459807748125	2.42020628371561	3.83355705790639	782	5.79529162994152e-20
PD31182_42	3.0459807748125	2.42020628371561	3.83355705790639	782	5.79529162994152e-20
PD31182_43	3.0459807748125	2.42020628371561	3.83355705790639	782	5.79529162994152e-20
PD31182_44	3.0459807748125	2.42020628371561	3.83355705790639	782	5.79529162994152e-20
PD31182_45	3.0584173092987	2.43017017295065	3.84907877725314	784	4.24280782805694e-20
PD31182_46	3.0584173092987	2.43017017295065	3.84907877725314	784	4.24280782805694e-20
PD31182_47	3.0584173092987	2.43017017295065	3.84907877725314	784	4.24280782805694e-20
PD31182_48	3.0584173092987	2.43017017295065	3.84907877725314	784	4.24280782805694e-20
PD31182_49	3.0584173092987	2.43017017295065	3.84907877725314	784	4.24280782805694e-20
PD31182_50	3.0584173092987	2.43017017295065	3.84907877725314	784	4.24280782805694e-20
PD30273_6	2.75028341770327	2.19603911815518	3.44440989924071	787	1.69814045844332e-17
PD30986_7	3.00431797156681	2.38773824214804	3.78011555661957	798	1.4439612406824e-19
PD30273_7	2.76991690934379	2.21479898558449	3.46416976646929	801	6.57367376146169e-18
PD30986_8	2.99237503639158	2.38140549840723	3.76009392957582	803	1.21348080463817e-19
PD30273_8	2.78687243504797	2.22857936829119	3.48502641626153	807	4.10966992269704e-18
PD30986_9	3.03348710083184	2.41447078515702	3.81120535708397	812	4.21213957961836e-20
PD30273_9	2.82895572955909	2.26263748513346	3.53701844523854	818	1.30840258150518e-18
PD30986_10	3.06683789688941	2.44124534112187	3.85274455105556	818	1.80015109808101e-20
PD30986_11	3.07605681112147	2.44869754162391	3.86414628364913	821	1.41246123850291e-20
PD30273_10	2.84548004185006	2.2759991338712	3.55745155965653	822	8.36283745212218e-19
PD30986_12	3.04998267537302	2.43103053809217	3.82652302153964	824	1.67394382271206e-20
PD30273_11	2.87038039793153	2.29616893243033	3.58818705037923	829	4.23814047080689e-19
PD30988_4	2.52474705848585	2.04489619683213	3.11719867209289	829	8.33419999917134e-17
PD30273_12	2.88185989838445	2.30545937663943	3.60236947051414	832	3.10210269733981e-19
PD30986_13	3.092492398842	2.46521426439857	3.87938256524276	832	5.58871542581103e-21
PD30273_13	2.89962243023301	2.31981196106469	3.62434989517495	836	1.92097347919736e-19
PD30986_14	3.11812546832655	2.48583441264363	3.9112446053423	837	2.88321861357572e-21
PD30273_14	2.91073807590741	2.32881144915014	3.63807733323753	839	1.41944654554324e-19
PD30986_15	3.1237060413838	2.49035749673462	3.91812799799701	839	2.48340537450715e-21
PD30273_15	2.91715143841983	2.33401336661839	3.64598276787255	841	1.19035288604314e-19
PD30986_16	3.1345792686919	2.49910001678782	3.93165024437167	841	1.87722440053683e-21
PD30986_17	3.1345792686919	2.49910001678782	3.93165024437167	841	1.87722440053683e-21
PD30273_16	2.92101790004946	2.33714220311341	3.65076012963312	842	1.07171836497578e-19
PD30986_18	3.14888240828083	2.51061418308165	3.94941623766731	844	1.29654408131239e-21
PD30986_19	3.15464631464511	2.51524650920661	3.95658768795711	845	1.118314443196e-21
PD30273_17	2.95112814692601	2.36141039666433	3.68811679320175	847	4.8055117171597e-20
PD30986_20	3.16521387895759	2.52378234377107	3.96966835284846	848	8.47085215191658e-22
PD30986_21	3.16521387895759	2.52378234377107	3.96966835284846	848	8.47085215191658e-22
PD30986_22	3.16521387895759	2.52378234377107	3.96966835284846	848	8.47085215191658e-22
PD30986_23	3.16521387895759	2.52378234377107	3.96966835284846	848	8.47085215191658e-22
PD30273_18	2.96381233361511	2.37166534866054	3.70380397632835	850	3.41140246605599e-20
PD30273_19	2.96979875682008	2.37649073661862	3.71123039535141	851	2.90875943100449e-20
PD30986_24	3.18144370178916	2.53683299150401	3.98985036127788	851	5.58162291388625e-22
PD30986_25	3.18671540241663	2.54107302342199	3.9964042600884	852	4.87387956122639e-22
PD30986_26	3.18671540241663	2.54107302342199	3.9964042600884	852	4.87387956122639e-22
PD30273_20	2.98297523273625	2.38713982616788	3.72753248116271	854	2.03921538166601e-20
PD30986_27	3.19290642061226	2.54608259881159	4.00405368448983	854	4.1368034209065e-22
PD30986_28	3.19290642061226	2.54608259881159	4.00405368448983	854	4.1368034209065e-22
PD30273_21	2.98685931507054	2.39028297035648	3.73233156018057	855	1.83538426514305e-20
PD30273_22	2.98685931507054	2.39028297035648	3.73233156018057	855	1.83538426514305e-20
PD30273_23	2.98685931507054	2.39028297035648	3.73233156018057	855	1.83538426514305e-20
PD30273_24	2.9939492222097	2.39599160196005	3.74113662912561	856	1.52134348221662e-20
PD30273_25	2.9939492222097	2.39599160196005	3.74113662912561	856	1.52134348221662e-20
PD30273_26	2.9939492222097	2.39599160196005	3.74113662912561	856	1.52134348221662e-20
PD30273_27	2.9939492222097	2.39599160196005	3.74113662912561	856	1.52134348221662e-20
PD30273_28	2.9939492222097	2.39599160196005	3.74113662912561	856	1.52134348221662e-20
PD30986_29	3.20134432313438	2.55288383984453	4.0145208784309	856	3.32240695112458e-22
PD30986_30	3.20134432313438	2.55288383984453	4.0145208784309	856	3.32240695112458e-22
PD30986_31	3.20134432313438	2.55288383984453	4.0145208784309	856	3.32240695112458e-22
PD30273_29	2.99905927486068	2.40011593035378	3.7474675370377	857	1.32685717358496e-20
PD30273_30	2.99905927486068	2.40011593035378	3.7474675370377	857	1.32685717358496e-20
PD30273_31	2.99905927486068	2.40011593035378	3.7474675370377	857	1.32685717358496e-20
PD30986_32	3.20873815890358	2.55881622117336	4.0237358537936	857	2.75379758059464e-22
PD30986_33	3.20873815890358	2.55881622117336	4.0237358537936	857	2.75379758059464e-22
PD30986_34	3.20873815890358	2.55881622117336	4.0237358537936	857	2.75379758059464e-22
PD30986_35	3.20873815890358	2.55881622117336	4.0237358537936	857	2.75379758059464e-22
PD30986_36	3.20873815890358	2.55881622117336	4.0237358537936	857	2.75379758059464e-22
PD30986_37	3.20873815890358	2.55881622117336	4.0237358537936	857	2.75379758059464e-22
PD30986_38	3.20873815890358	2.55881622117336	4.0237358537936	857	2.75379758059464e-22
PD30986_39	3.20873815890358	2.55881622117336	4.0237358537936	857	2.75379758059464e-22
PD30986_40	3.20873815890358	2.55881622117336	4.0237358537936	857	2.75379758059464e-22
PD30986_41	3.20873815890358	2.55881622117336	4.0237358537936	857	2.75379758059464e-22
PD30986_42	3.20873815890358	2.55881622117336	4.0237358537936	857	2.75379758059464e-22
PD30986_43	3.20873815890358	2.55881622117336	4.0237358537936	857	2.75379758059464e-22
PD30986_44	3.20873815890358	2.55881622117336	4.0237358537936	857	2.75379758059464e-22
PD30273_32	3.00434486096858	2.40438072235573	3.75401780579278	858	1.15205633522045e-20
PD30986_45	3.22053207299996	2.5682938592781	4.03841125724481	859	2.03671508344574e-22
PD30986_46	3.22053207299996	2.5682938592781	4.03841125724481	859	2.03671508344574e-22
PD30986_47	3.22053207299996	2.5682938592781	4.03841125724481	859	2.03671508344574e-22
PD30986_48	3.22053207299996	2.5682938592781	4.03841125724481	859	2.03671508344574e-22
PD30986_49	3.22053207299996	2.5682938592781	4.03841125724481	859	2.03671508344574e-22
PD30986_50	3.22053207299996	2.5682938592781	4.03841125724481	859	2.03671508344574e-22
PD30273_33	3.00889812643084	2.40809429733972	3.7595985943078	860	1.01367245368521e-20
PD30273_34	3.00889812643084	2.40809429733972	3.7595985943078	860	1.01367245368521e-20
PD30273_35	3.00889812643084	2.40809429733972	3.7595985943078	860	1.01367245368521e-20
PD30273_36	3.00889812643084	2.40809429733972	3.7595985943078	860	1.01367245368521e-20
PD30273_37	3.00889812643084	2.40809429733972	3.7595985943078	860	1.01367245368521e-20
PD30273_38	3.00889812643084	2.40809429733972	3.7595985943078	860	1.01367245368521e-20
PD30273_39	3.00889812643084	2.40809429733972	3.7595985943078	860	1.01367245368521e-20
PD30273_40	3.00889812643084	2.40809429733972	3.7595985943078	860	1.01367245368521e-20
PD30273_41	3.00889812643084	2.40809429733972	3.7595985943078	860	1.01367245368521e-20
PD30273_42	3.00889812643084	2.40809429733972	3.7595985943078	860	1.01367245368521e-20
PD30273_43	3.00889812643084	2.40809429733972	3.7595985943078	860	1.01367245368521e-20
PD30273_44	3.00889812643084	2.40809429733972	3.7595985943078	860	1.01367245368521e-20
PD30273_45	3.00889812643084	2.40809429733972	3.7595985943078	860	1.01367245368521e-20
PD30273_46	3.00889812643084	2.40809429733972	3.7595985943078	860	1.01367245368521e-20
PD30273_47	3.00889812643084	2.40809429733972	3.7595985943078	860	1.01367245368521e-20
PD30273_48	3.00889812643084	2.40809429733972	3.7595985943078	860	1.01367245368521e-20
PD30273_49	3.0114621469467	2.41018101243371	3.76274819845808	861	9.4386469144306e-21
PD30273_50	3.01303438502299	2.41147395425331	3.76465861856753	862	9.01539563226449e-21
PD30988_5	2.65647820598632	2.1528514730648	3.27792072382687	865	1.48114809747052e-18
PD30988_6	2.74388973319089	2.22439758924773	3.38470555097869	886	1.03177917638161e-19
PD30988_7	2.78994302602439	2.26209344683556	3.44096398818133	897	2.53439442679544e-20
PD30988_8	2.71602790234752	2.20842134704371	3.34030803324972	903	7.32849892819906e-20
PD30988_9	2.72566685421953	2.21861070787161	3.34860900735403	915	3.59657974563785e-20
PD30988_10	2.73131505597297	2.22327082313501	3.35545353150689	917	2.99734119893627e-20
PD30988_11	2.73758650711015	2.22843823783032	3.36306376218364	919	2.45124729322183e-20
PD30988_12	2.74823144988929	2.23719690346913	3.37599971216159	922	1.7461818646849e-20
PD30988_13	2.75289580666677	2.24102496638826	3.3816826836058	923	1.50772463287447e-20
PD30988_14	2.75850417042187	2.24565261301559	3.38847834884692	925	1.2579796264108e-20
PD30988_15	2.76791034550589	2.25340293894762	3.39989246855981	928	9.30327442506329e-21
PD30988_16	2.77131130607852	2.25620257417629	3.40402339891956	929	8.3457455491194e-21
PD30988_17	2.77595803182643	2.2600472365782	3.40963802426041	931	7.1688555891162e-21
PD30988_18	2.77595803182643	2.2600472365782	3.40963802426041	931	7.1688555891162e-21
PD30988_19	2.77853721704305	2.26217781911093	3.4127595988575	932	6.59294014283016e-21
PD30988_20	2.78303834481141	2.26587315453345	3.41824184341219	933	5.72063280074631e-21
PD30988_21	2.78635488607458	2.26863470860171	3.42222285576197	935	5.11579487922986e-21
PD30988_22	2.78699106396576	2.26921375167419	3.42291209230263	937	4.96170653639753e-21
PD30988_23	2.78699106396576	2.26921375167419	3.42291209230263	937	4.96170653639753e-21
PD30988_24	2.78699106396576	2.26921375167419	3.42291209230263	937	4.96170653639753e-21
PD30988_25	2.78699106396576	2.26921375167419	3.42291209230263	937	4.96170653639753e-21
PD30988_26	2.78699106396576	2.26921375167419	3.42291209230263	937	4.96170653639753e-21
PD30988_27	2.78699106396576	2.26921375167419	3.42291209230263	937	4.96170653639753e-21
PD30988_28	2.78699106396576	2.26921375167419	3.42291209230263	937	4.96170653639753e-21
PD30988_29	2.78699106396576	2.26921375167419	3.42291209230263	937	4.96170653639753e-21
PD30988_30	2.78699106396576	2.26921375167419	3.42291209230263	937	4.96170653639753e-21
PD30988_31	2.78699106396576	2.26921375167419	3.42291209230263	937	4.96170653639753e-21
PD30988_32	2.78699106396576	2.26921375167419	3.42291209230263	937	4.96170653639753e-21
PD30988_33	2.78999878865023	2.27169311363281	3.42656021359405	938	4.50430075813718e-21
PD30988_34	2.79420386605773	2.27514740666271	3.43167885396246	939	3.94345838939833e-21
PD30988_35	2.80133813419435	2.28098670283102	3.44039504147554	940	3.15951374062411e-21
PD30988_36	2.80133813419435	2.28098670283102	3.44039504147554	940	3.15951374062411e-21
PD30988_37	2.80133813419435	2.28098670283102	3.44039504147554	940	3.15951374062411e-21
PD30988_38	2.80133813419435	2.28098670283102	3.44039504147554	940	3.15951374062411e-21
PD30988_39	2.80940935789328	2.28761940420115	3.4502159431431	942	2.44673238745142e-21
PD30988_40	2.80940935789328	2.28761940420115	3.4502159431431	942	2.44673238745142e-21
PD30988_41	2.80940935789328	2.28761940420115	3.4502159431431	942	2.44673238745142e-21
PD30988_42	2.80940935789328	2.28761940420115	3.4502159431431	942	2.44673238745142e-21
PD30988_43	2.80940935789328	2.28761940420115	3.4502159431431	942	2.44673238745142e-21
PD30988_44	2.80940935789328	2.28761940420115	3.4502159431431	942	2.44673238745142e-21
PD30988_45	2.80940935789328	2.28761940420115	3.4502159431431	942	2.44673238745142e-21
PD30988_46	2.80940935789328	2.28761940420115	3.4502159431431	942	2.44673238745142e-21
PD30988_47	2.80940935789328	2.28761940420115	3.4502159431431	942	2.44673238745142e-21
PD30988_48	2.80940935789328	2.28761940420115	3.4502159431431	942	2.44673238745142e-21
PD30988_49	2.80940935789328	2.28761940420115	3.4502159431431	942	2.44673238745142e-21
PD30988_50	2.80940935789328	2.28761940420115	3.4502159431431	942	2.44673238745142e-21
