ID	ensembleID	na	ns	Na	Ns	cNa	cNs	dnds	Pvalue	PvalueAdj	Gene_Name	
PD30272_10	ENST00000277541	8	2	800	5288	1137.957284	5820.487883	13.9729498985306	5.27422598054225e-08	1.05484519610845e-06	NOTCH1
PD30272_11	ENST00000277541	8	2	800	5288	1137.957284	5820.487883	13.9729498985306	5.27422598054225e-08	1.05484519610845e-06	NOTCH1
PD30272_12	ENST00000277541	8	2	800	5288	1137.957284	5820.487883	13.9729498985306	5.27422598054225e-08	1.05484519610845e-06	NOTCH1
PD30272_13	ENST00000277541	8	2	800	5288	1137.957284	5820.487883	13.9729498985306	5.27422598054225e-08	1.05484519610845e-06	NOTCH1
PD30272_14	ENST00000277541	8	2	800	5288	1137.957284	5820.487883	13.9729498985306	5.27422598054225e-08	1.05484519610845e-06	NOTCH1
PD30272_15	ENST00000277541	8	2	800	5288	1137.957284	5820.487883	13.9729498985306	5.27422598054225e-08	1.05484519610845e-06	NOTCH1
PD30272_16	ENST00000277541	8	2	800	5288	1137.957284	5820.487883	13.9729498985306	5.27422598054225e-08	1.05484519610845e-06	NOTCH1
PD30272_17	ENST00000277541	8	2	800	5288	1137.957284	5820.487883	13.9729498985306	5.27422598054225e-08	1.05484519610845e-06	NOTCH1
PD30272_18	ENST00000277541	8	2	800	5288	1137.957284	5820.487883	13.9729498985306	5.27422598054225e-08	1.05484519610845e-06	NOTCH1
PD30272_19	ENST00000277541	8	2	800	5288	1137.957284	5820.487883	13.9729498985306	5.27422598054225e-08	1.05484519610845e-06	NOTCH1
PD30272_1	ENST00000277541	2	1	800	5288	1023.464748	4978.574215	5.36443155441246	0.0223144312960037	0.185953594133364	NOTCH1
PD30272_20	ENST00000277541	8	2	800	5288	1137.957284	5820.487883	13.9729498985306	5.27422598054225e-08	1.05484519610845e-06	NOTCH1
PD30272_21	ENST00000277541	8	2	800	5288	1137.957284	5820.487883	13.9729498985306	5.27422598054225e-08	1.05484519610845e-06	NOTCH1
PD30272_22	ENST00000277541	8	2	800	5288	1137.957284	5820.487883	13.9729498985306	5.27422598054225e-08	1.05484519610845e-06	NOTCH1
PD30272_23	ENST00000277541	8	2	800	5288	1137.957284	5820.487883	13.9729498985306	5.27422598054225e-08	1.05484519610845e-06	NOTCH1
PD30272_24	ENST00000277541	8	2	800	5288	1137.957284	5820.487883	13.9729498985306	5.27422598054225e-08	1.05484519610845e-06	NOTCH1
PD30272_25	ENST00000277541	8	2	800	5288	1137.957284	5820.487883	13.9729498985306	5.27422598054225e-08	1.05484519610845e-06	NOTCH1
PD30272_26	ENST00000277541	8	2	800	5288	1137.957284	5820.487883	13.9729498985306	5.27422598054225e-08	1.05484519610845e-06	NOTCH1
PD30272_27	ENST00000277541	8	2	800	5288	1137.957284	5820.487883	13.9729498985306	5.27422598054225e-08	1.05484519610845e-06	NOTCH1
PD30272_28	ENST00000277541	8	2	800	5288	1137.957284	5820.487883	13.9729498985306	5.27422598054225e-08	1.05484519610845e-06	NOTCH1
PD30272_29	ENST00000277541	8	2	800	5288	1137.957284	5820.487883	13.9729498985306	5.27422598054225e-08	1.05484519610845e-06	NOTCH1
PD30272_2	ENST00000277541	7	2	800	5288	1136.88609	5802.815928	12.242973139024	6.47586674608595e-07	1.26279401548676e-05	NOTCH1
PD30272_30	ENST00000277541	8	2	800	5288	1137.957284	5820.487883	13.9729498985306	5.27422598054225e-08	1.05484519610845e-06	NOTCH1
PD30272_31	ENST00000277541	8	2	800	5288	1137.957284	5820.487883	13.9729498985306	5.27422598054225e-08	1.05484519610845e-06	NOTCH1
PD30272_32	ENST00000277541	8	2	800	5288	1137.957284	5820.487883	13.9729498985306	5.27422598054225e-08	1.05484519610845e-06	NOTCH1
PD30272_33	ENST00000277541	8	2	800	5288	1137.957284	5820.487883	13.9729498985306	5.27422598054225e-08	1.05484519610845e-06	NOTCH1
PD30272_34	ENST00000277541	8	2	800	5288	1137.957284	5820.487883	13.9729498985306	5.27422598054225e-08	1.05484519610845e-06	NOTCH1
PD30272_35	ENST00000277541	8	2	800	5288	1137.957284	5820.487883	13.9729498985306	5.27422598054225e-08	1.05484519610845e-06	NOTCH1
PD30272_36	ENST00000277541	8	2	800	5288	1137.957284	5820.487883	13.9729498985306	5.27422598054225e-08	1.05484519610845e-06	NOTCH1
PD30272_37	ENST00000277541	8	2	800	5288	1137.957284	5820.487883	13.9729498985306	5.27422598054225e-08	1.05484519610845e-06	NOTCH1
PD30272_38	ENST00000277541	8	2	800	5288	1137.957284	5820.487883	13.9729498985306	5.27422598054225e-08	1.05484519610845e-06	NOTCH1
PD30272_39	ENST00000277541	8	2	800	5288	1137.957284	5820.487883	13.9729498985306	5.27422598054225e-08	1.05484519610845e-06	NOTCH1
PD30272_3	ENST00000277541	8	2	800	5288	1162.621885	5731.941	13.4804933835676	9.69317967454869e-08	1.93863593490974e-06	NOTCH1
PD30272_40	ENST00000277541	8	2	800	5288	1137.957284	5820.487883	13.9729498985306	5.27422598054225e-08	1.05484519610845e-06	NOTCH1
PD30272_41	ENST00000277541	8	2	800	5288	1137.957284	5820.487883	13.9729498985306	5.27422598054225e-08	1.05484519610845e-06	NOTCH1
PD30272_42	ENST00000277541	8	2	800	5288	1137.957284	5820.487883	13.9729498985306	5.27422598054225e-08	1.05484519610845e-06	NOTCH1
PD30272_43	ENST00000277541	8	2	800	5288	1137.957284	5820.487883	13.9729498985306	5.27422598054225e-08	1.05484519610845e-06	NOTCH1
PD30272_44	ENST00000277541	8	2	800	5288	1137.957284	5820.487883	13.9729498985306	5.27422598054225e-08	1.05484519610845e-06	NOTCH1
PD30272_45	ENST00000277541	8	2	800	5288	1137.957284	5820.487883	13.9729498985306	5.27422598054225e-08	1.05484519610845e-06	NOTCH1
PD30272_46	ENST00000277541	8	2	800	5288	1137.957284	5820.487883	13.9729498985306	5.27422598054225e-08	1.05484519610845e-06	NOTCH1
PD30272_47	ENST00000277541	8	2	800	5288	1137.957284	5820.487883	13.9729498985306	5.27422598054225e-08	1.05484519610845e-06	NOTCH1
PD30272_48	ENST00000277541	8	2	800	5288	1137.957284	5820.487883	13.9729498985306	5.27422598054225e-08	1.05484519610845e-06	NOTCH1
PD30272_49	ENST00000277541	8	2	800	5288	1137.957284	5820.487883	13.9729498985306	5.27422598054225e-08	1.05484519610845e-06	NOTCH1
PD30272_4	ENST00000277541	8	2	800	5288	1158.847138	5720.94789	13.4980213579587	9.48536593889199e-08	1.8970731877784e-06	NOTCH1
PD30272_50	ENST00000277541	8	2	800	5288	1137.957284	5820.487883	13.9729498985306	5.27422598054225e-08	1.05484519610845e-06	NOTCH1
PD30272_5	ENST00000277541	8	2	800	5288	1151.370705	5760.867854	13.6759641737917	7.6124109833057e-08	1.52248219666114e-06	NOTCH1
PD30272_6	ENST00000277541	8	2	800	5288	1147.668549	5771.073802	13.7427189543613	7.00959487334681e-08	1.40191897466936e-06	NOTCH1
PD30272_7	ENST00000277541	8	2	800	5288	1141.592931	5810.537627	13.9062686455382	5.72705957556426e-08	1.14541191511285e-06	NOTCH1
PD30272_8	ENST00000277541	8	2	800	5288	1141.592931	5810.537627	13.9062686455382	5.72705957556426e-08	1.14541191511285e-06	NOTCH1
PD30272_9	ENST00000277541	8	2	800	5288	1141.592931	5810.537627	13.9062686455382	5.72705957556426e-08	1.14541191511285e-06	NOTCH1
PD30273_10	ENST00000277541	44	2	800	5288	1405.872577	5890.400389	61.7845206258689	2.0700872151823e-39	1.01434273543933e-37	NOTCH1
PD30273_11	ENST00000277541	44	2	800	5288	1418.827134	5868.588329	60.997967355855	6.43980218590452e-39	3.15550307109322e-37	NOTCH1
PD30273_12	ENST00000277541	45	2	800	5288	1422.727294	5889.257444	62.4245450733114	7.55309003597337e-40	3.70101411762695e-38	NOTCH1
PD30273_13	ENST00000277541	46	2	800	5288	1434.411515	5872.689228	63.1102286345398	2.58464746556369e-40	1.26647725812621e-38	NOTCH1
PD30273_14	ENST00000277541	46	2	800	5288	1431.799292	5860.595435	63.0952468492584	2.6412269635303e-40	1.29420121212985e-38	NOTCH1
PD30273_15	ENST00000277541	46	2	800	5288	1429.90788	5868.421584	63.2621873851062	2.07498061370054e-40	1.01674050071326e-38	NOTCH1
PD30273_16	ENST00000277541	46	2	800	5288	1428.021458	5867.437532	63.3347504245509	1.86838056737964e-40	9.15506478016026e-39	NOTCH1
PD30273_17	ENST00000277541	50	2	800	5288	1429.157443	5882.357782	68.9327006366786	4.14179790173324e-44	2.02948097184929e-42	NOTCH1
PD30273_18	ENST00000277541	50	2	800	5288	1423.675461	5871.673018	69.0717639992157	3.38567963281817e-44	1.6589830200809e-42	NOTCH1
PD30273_19	ENST00000277541	50	2	800	5288	1421.8193	5873.281403	69.1803544585448	2.89258879428237e-44	1.41736850919836e-42	NOTCH1
PD30273_1	ENST00000277541	6	1	800	5288	1377.157015	4466.085609	10.2289246477098	0.000107060797468791	0.00121335570464629	NOTCH1
PD30273_20	ENST00000277541	50	2	800	5288	1419.967973	5866.425338	69.1896438223399	2.85390126550876e-44	1.39841162009929e-42	NOTCH1
PD30273_21	ENST00000277541	50	2	800	5288	1419.967973	5866.425338	69.1896438223399	2.85390126550876e-44	1.39841162009929e-42	NOTCH1
PD30273_22	ENST00000277541	50	2	800	5288	1419.967973	5866.425338	69.1896438223399	2.85390126550876e-44	1.39841162009929e-42	NOTCH1
PD30273_23	ENST00000277541	50	2	800	5288	1419.967973	5866.425338	69.1896438223399	2.85390126550876e-44	1.39841162009929e-42	NOTCH1
PD30273_24	ENST00000277541	51	2	800	5288	1419.550135	5865.654336	70.5782096877708	3.53689331859726e-45	1.73307772611266e-43	NOTCH1
PD30273_25	ENST00000277541	51	2	800	5288	1419.550135	5865.654336	70.5782096877708	3.53689331859726e-45	1.73307772611266e-43	NOTCH1
PD30273_26	ENST00000277541	51	2	800	5288	1419.550135	5865.654336	70.5782096877708	3.53689331859726e-45	1.73307772611266e-43	NOTCH1
PD30273_27	ENST00000277541	51	2	800	5288	1419.550135	5865.654336	70.5782096877708	3.53689331859726e-45	1.73307772611266e-43	NOTCH1
PD30273_28	ENST00000277541	51	2	800	5288	1419.550135	5865.654336	70.5782096877708	3.53689331859726e-45	1.73307772611266e-43	NOTCH1
PD30273_29	ENST00000277541	51	2	800	5288	1417.706564	5869.640393	70.717352999197	2.89049964579534e-45	1.41634482643972e-43	NOTCH1
PD30273_2	ENST00000277541	19	2	800	5288	1361.524269	5148.790305	24.2836998508177	4.56568169071265e-15	2.00889994391357e-13	NOTCH1
PD30273_30	ENST00000277541	51	2	800	5288	1417.706564	5869.640393	70.717352999197	2.89049964579534e-45	1.41634482643972e-43	NOTCH1
PD30273_31	ENST00000277541	51	2	800	5288	1417.706564	5869.640393	70.717352999197	2.89049964579534e-45	1.41634482643972e-43	NOTCH1
PD30273_32	ENST00000277541	51	2	800	5288	1415.867774	5865.070253	70.7538882269007	2.74131421561667e-45	1.34324396565217e-43	NOTCH1
PD30273_33	ENST00000277541	51	2	800	5288	1412.204468	5867.917887	70.9708411017906	2.00123478554484e-45	9.8060504491697e-44	NOTCH1
PD30273_34	ENST00000277541	51	2	800	5288	1412.204468	5867.917887	70.9708411017906	2.00123478554484e-45	9.8060504491697e-44	NOTCH1
PD30273_35	ENST00000277541	51	2	800	5288	1412.204468	5867.917887	70.9708411017906	2.00123478554484e-45	9.8060504491697e-44	NOTCH1
PD30273_36	ENST00000277541	51	2	800	5288	1412.204468	5867.917887	70.9708411017906	2.00123478554484e-45	9.8060504491697e-44	NOTCH1
PD30273_37	ENST00000277541	51	2	800	5288	1412.204468	5867.917887	70.9708411017906	2.00123478554484e-45	9.8060504491697e-44	NOTCH1
PD30273_38	ENST00000277541	51	2	800	5288	1412.204468	5867.917887	70.9708411017906	2.00123478554484e-45	9.8060504491697e-44	NOTCH1
PD30273_39	ENST00000277541	51	2	800	5288	1412.204468	5867.917887	70.9708411017906	2.00123478554484e-45	9.8060504491697e-44	NOTCH1
PD30273_3	ENST00000277541	28	2	800	5288	1352.684967	5586.035666	38.876182669713	1.81151353091023e-24	8.69526494836912e-23	NOTCH1
PD30273_40	ENST00000277541	51	2	800	5288	1412.204468	5867.917887	70.9708411017906	2.00123478554484e-45	9.8060504491697e-44	NOTCH1
PD30273_41	ENST00000277541	51	2	800	5288	1412.204468	5867.917887	70.9708411017906	2.00123478554484e-45	9.8060504491697e-44	NOTCH1
PD30273_42	ENST00000277541	51	2	800	5288	1412.204468	5867.917887	70.9708411017906	2.00123478554484e-45	9.8060504491697e-44	NOTCH1
PD30273_43	ENST00000277541	51	2	800	5288	1412.204468	5867.917887	70.9708411017906	2.00123478554484e-45	9.8060504491697e-44	NOTCH1
PD30273_44	ENST00000277541	51	2	800	5288	1412.204468	5867.917887	70.9708411017906	2.00123478554484e-45	9.8060504491697e-44	NOTCH1
PD30273_45	ENST00000277541	51	2	800	5288	1412.204468	5867.917887	70.9708411017906	2.00123478554484e-45	9.8060504491697e-44	NOTCH1
PD30273_46	ENST00000277541	51	2	800	5288	1412.204468	5867.917887	70.9708411017906	2.00123478554484e-45	9.8060504491697e-44	NOTCH1
PD30273_47	ENST00000277541	51	2	800	5288	1412.204468	5867.917887	70.9708411017906	2.00123478554484e-45	9.8060504491697e-44	NOTCH1
PD30273_48	ENST00000277541	51	2	800	5288	1412.204468	5867.917887	70.9708411017906	2.00123478554484e-45	9.8060504491697e-44	NOTCH1
PD30273_49	ENST00000277541	51	2	800	5288	1410.379915	5861.474551	70.9845573810042	1.96181517768472e-45	9.61289437065512e-44	NOTCH1
PD30273_4	ENST00000277541	37	2	800	5288	1374.445189	5654.517934	51.0731191592586	1.92549414952371e-32	9.43492133266616e-31	NOTCH1
PD30273_50	ENST00000277541	51	2	800	5288	1413.698042	5856.209924	70.7554218913367	2.73522300578142e-45	1.3402592728329e-43	NOTCH1
PD30273_5	ENST00000277541	39	2	800	5288	1349.865826	5806.579672	56.254102851355	9.37818200974363e-36	4.59530918477438e-34	NOTCH1
PD30273_6	ENST00000277541	40	2	800	5288	1396.432707	5913.622016	56.7974172461621	3.90292396376851e-36	1.91243274224657e-34	NOTCH1
PD30273_7	ENST00000277541	41	2	800	5288	1402.928767	5892.956884	57.739724384025	9.1728039241284e-37	4.49467392282292e-35	NOTCH1
PD30273_8	ENST00000277541	41	2	800	5288	1395.521795	5886.157398	57.9778297462324	6.51202309430426e-37	3.19089131620909e-35	NOTCH1
PD30273_9	ENST00000277541	44	2	800	5288	1412.479816	5892.513453	61.5190081054817	3.0364409654167e-39	1.48785607305418e-37	NOTCH1
PD30274_10	ENST00000277541	23	2	800	5288	978.9632178	7153.440997	56.3548943547107	1.06862138946779e-34	4.59507197471151e-33	NOTCH1
PD30274_11	ENST00000277541	23	2	800	5288	975.5121094	7201.629921	56.9318066162115	4.79583906653223e-35	2.06221079860886e-33	NOTCH1
PD30274_12	ENST00000277541	24	2	800	5288	1011.120231	7178.02644	57.1259973107985	2.83040797048154e-35	1.24537950701188e-33	NOTCH1
PD30274_13	ENST00000277541	24	2	800	5288	1012.902205	7151.943018	56.8200739698591	4.334812302189e-35	1.90731741296316e-33	NOTCH1
PD30274_14	ENST00000277541	25	2	800	5288	1014.273104	7139.016334	58.9879526352894	1.65274763305758e-36	7.27208958545335e-35	NOTCH1
PD30274_15	ENST00000277541	25	2	800	5288	1016.332554	7130.093259	58.7959335827789	2.16139649809601e-36	9.51014459162246e-35	NOTCH1
PD30274_16	ENST00000277541	25	2	800	5288	1009.882176	7131.362872	59.1798258704324	1.26406501075425e-36	5.56188604731871e-35	NOTCH1
PD30274_17	ENST00000277541	25	2	800	5288	1009.882176	7131.362872	59.1798258704324	1.26406501075425e-36	5.56188604731871e-35	NOTCH1
PD30274_18	ENST00000277541	25	2	800	5288	1009.882176	7131.362872	59.1798258704324	1.26406501075425e-36	5.56188604731871e-35	NOTCH1
PD30274_19	ENST00000277541	25	2	800	5288	1009.882176	7131.362872	59.1798258704324	1.26406501075425e-36	5.56188604731871e-35	NOTCH1
PD30274_1	ENST00000277541	2	0	800	5288	574.4471858	6341.420358	23.0783407587546	2.61746470897385e-06	7.59064765602417e-05	NOTCH1
PD30274_20	ENST00000277541	25	2	800	5288	1009.882176	7131.362872	59.1798258704324	1.26406501075425e-36	5.56188604731871e-35	NOTCH1
PD30274_21	ENST00000277541	25	2	800	5288	1008.026825	7141.023219	59.3679992262772	9.71806326218995e-37	4.27594783536358e-35	NOTCH1
PD30274_22	ENST00000277541	26	2	800	5288	1012.281965	7145.151682	61.5066526768886	3.85630694078305e-38	1.69677505394454e-36	NOTCH1
PD30274_23	ENST00000277541	27	2	800	5288	1030.338428	7129.719389	62.611389511007	6.54168124548458e-39	2.87833974801322e-37	NOTCH1
PD30274_24	ENST00000277541	27	2	800	5288	1030.338428	7129.719389	62.611389511007	6.54168124548458e-39	2.87833974801322e-37	NOTCH1
PD30274_25	ENST00000277541	27	2	800	5288	1028.308117	7128.622071	62.72474849222	5.57884793035213e-39	2.45469308935494e-37	NOTCH1
PD30274_26	ENST00000277541	27	2	800	5288	1026.286539	7127.529474	62.838065519049	4.75801669150943e-39	2.09352734426415e-37	NOTCH1
PD30274_27	ENST00000277541	27	2	800	5288	1026.286539	7127.529474	62.838065519049	4.75801669150943e-39	2.09352734426415e-37	NOTCH1
PD30274_28	ENST00000277541	28	2	800	5288	1050.23035	7114.006966	63.5550811616391	1.40239703411114e-39	6.170546950089e-38	NOTCH1
PD30274_29	ENST00000277541	28	2	800	5288	1047.981463	7100.94113	63.5743856673541	1.36479670334482e-39	6.0051054947172e-38	NOTCH1
PD30274_2	ENST00000277541	13	0	800	5288	902.5246561	7319.903242	106.436168976481	9.8004590324874e-25	3.82217902267009e-23	NOTCH1
PD30274_30	ENST00000277541	28	2	800	5288	1047.981463	7100.94113	63.5743856673541	1.36479670334482e-39	6.0051054947172e-38	NOTCH1
PD30274_31	ENST00000277541	28	2	800	5288	1071.776593	7087.533224	62.0535747742347	1.16137592569602e-38	5.11005407306249e-37	NOTCH1
PD30274_32	ENST00000277541	28	2	800	5288	1071.776593	7087.533224	62.0535747742347	1.16137592569602e-38	5.11005407306249e-37	NOTCH1
PD30274_33	ENST00000277541	28	2	800	5288	1071.776593	7087.533224	62.0535747742347	1.16137592569602e-38	5.11005407306249e-37	NOTCH1
PD30274_34	ENST00000277541	28	2	800	5288	1071.776593	7087.533224	62.0535747742347	1.16137592569602e-38	5.11005407306249e-37	NOTCH1
PD30274_35	ENST00000277541	28	2	800	5288	1071.776593	7087.533224	62.0535747742347	1.16137592569602e-38	5.11005407306249e-37	NOTCH1
PD30274_36	ENST00000277541	28	2	800	5288	1071.776593	7087.533224	62.0535747742347	1.16137592569602e-38	5.11005407306249e-37	NOTCH1
PD30274_37	ENST00000277541	28	2	800	5288	1071.776593	7087.533224	62.0535747742347	1.16137592569602e-38	5.11005407306249e-37	NOTCH1
PD30274_38	ENST00000277541	28	2	800	5288	1071.776593	7087.533224	62.0535747742347	1.16137592569602e-38	5.11005407306249e-37	NOTCH1
PD30274_39	ENST00000277541	28	2	800	5288	1071.776593	7087.533224	62.0535747742347	1.16137592569602e-38	5.11005407306249e-37	NOTCH1
PD30274_3	ENST00000277541	13	1	800	5288	915.5236416	7331.568522	52.5523919073419	2.0845519115745e-22	8.12975245514054e-21	NOTCH1
PD30274_40	ENST00000277541	28	2	800	5288	1069.491356	7107.325733	62.3581826250247	7.56326281486569e-39	3.32783563854091e-37	NOTCH1
PD30274_41	ENST00000277541	28	2	800	5288	1069.491356	7107.325733	62.3581826250247	7.56326281486569e-39	3.32783563854091e-37	NOTCH1
PD30274_42	ENST00000277541	28	2	800	5288	1067.215842	7109.430077	62.5088353332996	6.1177112597227e-39	2.69179295427799e-37	NOTCH1
PD30274_43	ENST00000277541	28	2	800	5288	1067.215842	7109.430077	62.5088353332996	6.1177112597227e-39	2.69179295427799e-37	NOTCH1
PD30274_44	ENST00000277541	28	2	800	5288	1066.596022	7149.203449	62.8930068001572	3.5619166127328e-39	1.56724330960243e-37	NOTCH1
PD30274_45	ENST00000277541	28	2	800	5288	1066.596022	7149.203449	62.8930068001572	3.5619166127328e-39	1.56724330960243e-37	NOTCH1
PD30274_46	ENST00000277541	28	2	800	5288	1066.596022	7149.203449	62.8930068001572	3.5619166127328e-39	1.56724330960243e-37	NOTCH1
PD30274_47	ENST00000277541	28	2	800	5288	1066.596022	7149.203449	62.8930068001572	3.5619166127328e-39	1.56724330960243e-37	NOTCH1
PD30274_48	ENST00000277541	28	2	800	5288	1064.336285	7147.973289	63.0150423986218	2.99961576450203e-39	1.34982709402591e-37	NOTCH1
PD30274_49	ENST00000277541	28	2	800	5288	1064.336285	7147.973289	63.0150423986218	2.99961576450203e-39	1.34982709402591e-37	NOTCH1
PD30274_4	ENST00000277541	15	1	800	5288	917.4642816	7330.108515	60.4214759256084	7.67009277333676e-26	3.14473803706807e-24	NOTCH1
PD30274_50	ENST00000277541	28	2	800	5288	1064.336285	7147.973289	63.0150423986218	2.99961576450203e-39	1.34982709402591e-37	NOTCH1
PD30274_5	ENST00000277541	19	2	800	5288	998.5097513	7215.068083	46.0969637163522	4.62136972084597e-28	1.89476158554685e-26	NOTCH1
PD30274_6	ENST00000277541	20	2	800	5288	975.4287166	7234.832747	49.7805327980506	2.18951088204291e-30	9.19594570458023e-29	NOTCH1
PD30274_7	ENST00000277541	21	2	800	5288	964.0961356	7244.046692	52.9300868847226	2.13266454424531e-32	8.9571910858303e-31	NOTCH1
PD30274_8	ENST00000277541	21	2	800	5288	963.7090245	7206.674361	52.6797566255436	3.01190711912545e-32	1.26500099003269e-30	NOTCH1
PD30274_9	ENST00000277541	23	2	800	5288	965.5676255	7153.688797	57.1340648359728	3.62142659929689e-35	1.55721343769766e-33	NOTCH1
PD30986_10	ENST00000277541	35	2	800	5288	1307.392489	6219.319435	55.8321428738145	2.64556817609336e-35	1.26987272452481e-33	NOTCH1
PD30986_11	ENST00000277541	35	2	800	5288	1311.976597	6260.330277	56.0029136688429	2.07312506039447e-35	9.95100028989344e-34	NOTCH1
PD30986_12	ENST00000277541	36	2	800	5288	1312.094664	6259.239631	57.5783459325157	1.93939378465279e-36	9.30909016633337e-35	NOTCH1
PD30986_13	ENST00000277541	38	2	800	5288	1308.81655	6270.953807	61.0233372573618	1.1134038948499e-38	5.34433869527951e-37	NOTCH1
PD30986_14	ENST00000277541	40	2	800	5288	1311.676014	6320.635682	64.5833017151343	5.4089223664555e-41	2.59628273589864e-39	NOTCH1
PD30986_15	ENST00000277541	40	2	800	5288	1317.234966	6312.75003	64.232335844325	8.95436738799746e-41	4.29809634623878e-39	NOTCH1
PD30986_16	ENST00000277541	41	2	800	5288	1329.70185	6301.156643	65.0965789092745	2.3277584023846e-41	1.11732403314461e-39	NOTCH1
PD30986_17	ENST00000277541	41	2	800	5288	1329.70185	6301.156643	65.0965789092745	2.3277584023846e-41	1.11732403314461e-39	NOTCH1
PD30986_18	ENST00000277541	41	2	800	5288	1340.358543	6328.358308	64.8590260999043	3.27553391737546e-41	1.57225628034022e-39	NOTCH1
PD30986_19	ENST00000277541	41	2	800	5288	1338.732459	6328.737796	64.9412759414289	2.91017668480964e-41	1.39688480870863e-39	NOTCH1
PD30986_1	ENST00000277541	4	0	800	5288	1165.914726	4891.655639	17.7822072400859	4.1924570170891e-05	0.000545019412221583	NOTCH1
PD30986_20	ENST00000277541	42	2	800	5288	1338.2751	6319.285635	66.4408166826088	3.03885113118167e-42	1.4586485429672e-40	NOTCH1
PD30986_21	ENST00000277541	42	2	800	5288	1338.2751	6319.285635	66.4408166826088	3.03885113118167e-42	1.4586485429672e-40	NOTCH1
PD30986_22	ENST00000277541	42	2	800	5288	1338.2751	6319.285635	66.4408166826088	3.03885113118167e-42	1.4586485429672e-40	NOTCH1
PD30986_23	ENST00000277541	42	2	800	5288	1338.2751	6319.285635	66.4408166826088	3.03885113118167e-42	1.4586485429672e-40	NOTCH1
PD30986_24	ENST00000277541	43	2	800	5288	1334.1217	6317.785681	68.2093959851389	2.15404876197206e-43	1.03394340574659e-41	NOTCH1
PD30986_25	ENST00000277541	43	2	800	5288	1332.404684	6313.030383	68.2457100380973	2.04425647911645e-43	9.81243109975898e-42	NOTCH1
PD30986_26	ENST00000277541	43	2	800	5288	1332.404684	6313.030383	68.2457100380973	2.04425647911645e-43	9.81243109975898e-42	NOTCH1
PD30986_27	ENST00000277541	43	2	800	5288	1330.207121	6305.321145	68.2748353131592	1.96025689387568e-43	9.40923309060326e-42	NOTCH1
PD30986_28	ENST00000277541	43	2	800	5288	1330.207121	6305.321145	68.2748353131592	1.96025689387568e-43	9.40923309060326e-42	NOTCH1
PD30986_29	ENST00000277541	44	2	800	5288	1344.122372	6298.296427	69.0584852889669	5.74637547123651e-44	2.75826022619352e-42	NOTCH1
PD30986_2	ENST00000277541	16	2	800	5288	1215.238724	5389.858013	23.9878703678746	1.17822059915107e-14	5.30199269617982e-13	NOTCH1
PD30986_30	ENST00000277541	44	2	800	5288	1344.122372	6298.296427	69.0584852889669	5.74637547123651e-44	2.75826022619352e-42	NOTCH1
PD30986_31	ENST00000277541	44	2	800	5288	1344.122372	6298.296427	69.0584852889669	5.74637547123651e-44	2.75826022619352e-42	NOTCH1
PD30986_32	ENST00000277541	44	2	800	5288	1342.401344	6293.712772	69.0965148775457	5.43973891297252e-44	2.61107467822681e-42	NOTCH1
PD30986_33	ENST00000277541	44	2	800	5288	1342.401344	6293.712772	69.0965148775457	5.43973891297252e-44	2.61107467822681e-42	NOTCH1
PD30986_34	ENST00000277541	44	2	800	5288	1342.401344	6293.712772	69.0965148775457	5.43973891297252e-44	2.61107467822681e-42	NOTCH1
PD30986_35	ENST00000277541	44	2	800	5288	1342.401344	6293.712772	69.0965148775457	5.43973891297252e-44	2.61107467822681e-42	NOTCH1
PD30986_36	ENST00000277541	44	2	800	5288	1342.401344	6293.712772	69.0965148775457	5.43973891297252e-44	2.61107467822681e-42	NOTCH1
PD30986_37	ENST00000277541	44	2	800	5288	1342.401344	6293.712772	69.0965148775457	5.43973891297252e-44	2.61107467822681e-42	NOTCH1
PD30986_38	ENST00000277541	44	2	800	5288	1342.401344	6293.712772	69.0965148775457	5.43973891297252e-44	2.61107467822681e-42	NOTCH1
PD30986_39	ENST00000277541	44	2	800	5288	1342.401344	6293.712772	69.0965148775457	5.43973891297252e-44	2.61107467822681e-42	NOTCH1
PD30986_3	ENST00000277541	20	2	800	5288	1255.917228	5962.71748	31.9846627206763	9.43611250057751e-20	4.52933400027721e-18	NOTCH1
PD30986_40	ENST00000277541	44	2	800	5288	1342.401344	6293.712772	69.0965148775457	5.43973891297252e-44	2.61107467822681e-42	NOTCH1
PD30986_41	ENST00000277541	44	2	800	5288	1342.401344	6293.712772	69.0965148775457	5.43973891297252e-44	2.61107467822681e-42	NOTCH1
PD30986_42	ENST00000277541	44	2	800	5288	1342.401344	6293.712772	69.0965148775457	5.43973891297252e-44	2.61107467822681e-42	NOTCH1
PD30986_43	ENST00000277541	44	2	800	5288	1342.401344	6293.712772	69.0965148775457	5.43973891297252e-44	2.61107467822681e-42	NOTCH1
PD30986_44	ENST00000277541	44	2	800	5288	1342.401344	6293.712772	69.0965148775457	5.43973891297252e-44	2.61107467822681e-42	NOTCH1
PD30986_45	ENST00000277541	44	2	800	5288	1340.075357	6319.09697	69.4936894351084	3.06797819705658e-44	1.47262953458716e-42	NOTCH1
PD30986_46	ENST00000277541	44	2	800	5288	1340.075357	6319.09697	69.4936894351084	3.06797819705658e-44	1.47262953458716e-42	NOTCH1
PD30986_47	ENST00000277541	44	2	800	5288	1340.075357	6319.09697	69.4936894351084	3.06797819705658e-44	1.47262953458716e-42	NOTCH1
PD30986_48	ENST00000277541	44	2	800	5288	1340.075357	6319.09697	69.4936894351084	3.06797819705658e-44	1.47262953458716e-42	NOTCH1
PD30986_49	ENST00000277541	44	2	800	5288	1340.075357	6319.09697	69.4936894351084	3.06797819705658e-44	1.47262953458716e-42	NOTCH1
PD30986_4	ENST00000277541	22	2	800	5288	1251.394622	6078.254324	35.9526849423629	2.68307322689793e-22	1.287875148911e-20	NOTCH1
PD30986_50	ENST00000277541	44	2	800	5288	1340.075357	6319.09697	69.4936894351084	3.06797819705658e-44	1.47262953458716e-42	NOTCH1
PD30986_5	ENST00000277541	27	2	800	5288	1288.674094	6177.058188	43.4734289950996	3.17623881523082e-27	1.52459463131079e-25	NOTCH1
PD30986_6	ENST00000277541	31	2	800	5288	1305.883866	6190.811837	49.3206315006779	4.6429903903773e-31	2.2286353873811e-29	NOTCH1
PD30986_7	ENST00000277541	33	2	800	5288	1313.882764	6193.073509	52.1825625534527	6.14408645809507e-33	2.94916149988563e-31	NOTCH1
PD30986_8	ENST00000277541	34	2	800	5288	1322.440791	6174.633189	53.2500133225246	1.18776673947215e-33	5.70128034946633e-32	NOTCH1
PD30986_9	ENST00000277541	35	2	800	5288	1313.481889	6215.323575	55.5393540499235	4.01864270649849e-35	1.92894849911928e-33	NOTCH1
PD30987_10	ENST00000277541	50	5	800	5288	1714.91011	6131.291204	29.9607025573681	2.90575148227148e-35	1.16230059290859e-33	NOTCH1
PD30987_11	ENST00000277541	50	5	800	5288	1709.561875	6144.966845	30.1205734485822	1.87428279878467e-35	7.49713119513869e-34	NOTCH1
PD30987_12	ENST00000277541	50	5	800	5288	1709.561875	6144.966845	30.1205734485822	1.87428279878467e-35	7.49713119513869e-34	NOTCH1
PD30987_13	ENST00000277541	50	5	800	5288	1709.561875	6144.966845	30.1205734485822	1.87428279878467e-35	7.49713119513869e-34	NOTCH1
PD30987_14	ENST00000277541	50	5	800	5288	1709.561875	6144.966845	30.1205734485822	1.87428279878467e-35	7.49713119513869e-34	NOTCH1
PD30987_15	ENST00000277541	50	5	800	5288	1709.561875	6144.966845	30.1205734485822	1.87428279878467e-35	7.49713119513869e-34	NOTCH1
PD30987_16	ENST00000277541	50	5	800	5288	1703.356569	6146.038226	30.2349366629687	1.36968109199798e-35	5.47872436799191e-34	NOTCH1
PD30987_17	ENST00000277541	50	5	800	5288	1703.356569	6146.038226	30.2349366629687	1.36968109199798e-35	5.47872436799191e-34	NOTCH1
PD30987_18	ENST00000277541	50	5	800	5288	1703.356569	6146.038226	30.2349366629687	1.36968109199798e-35	5.47872436799191e-34	NOTCH1
PD30987_19	ENST00000277541	50	5	800	5288	1703.356569	6146.038226	30.2349366629687	1.36968109199798e-35	5.47872436799191e-34	NOTCH1
PD30987_1	ENST00000277541	7	2	800	5288	1616.577263	4676.016304	7.08259608684104	0.000348324303413634	0.0020899458204818	NOTCH1
PD30987_20	ENST00000277541	50	5	800	5288	1703.356569	6146.038226	30.2349366629687	1.36968109199798e-35	5.47872436799191e-34	NOTCH1
PD30987_21	ENST00000277541	50	5	800	5288	1703.356569	6146.038226	30.2349366629687	1.36968109199798e-35	5.47872436799191e-34	NOTCH1
PD30987_22	ENST00000277541	50	5	800	5288	1703.356569	6146.038226	30.2349366629687	1.36968109199798e-35	5.47872436799191e-34	NOTCH1
PD30987_23	ENST00000277541	50	5	800	5288	1703.356569	6146.038226	30.2349366629687	1.36968109199798e-35	5.47872436799191e-34	NOTCH1
PD30987_24	ENST00000277541	50	5	800	5288	1703.356569	6146.038226	30.2349366629687	1.36968109199798e-35	5.47872436799191e-34	NOTCH1
PD30987_25	ENST00000277541	50	5	800	5288	1703.356569	6146.038226	30.2349366629687	1.36968109199798e-35	5.47872436799191e-34	NOTCH1
PD30987_26	ENST00000277541	50	5	800	5288	1703.356569	6146.038226	30.2349366629687	1.36968109199798e-35	5.47872436799191e-34	NOTCH1
PD30987_27	ENST00000277541	50	5	800	5288	1703.356569	6146.038226	30.2349366629687	1.36968109199798e-35	5.47872436799191e-34	NOTCH1
PD30987_28	ENST00000277541	50	5	800	5288	1703.356569	6146.038226	30.2349366629687	1.36968109199798e-35	5.47872436799191e-34	NOTCH1
PD30987_29	ENST00000277541	50	5	800	5288	1703.356569	6146.038226	30.2349366629687	1.36968109199798e-35	5.47872436799191e-34	NOTCH1
PD30987_2	ENST00000277541	34	4	800	5288	1654.906235	5745.181351	23.8069164285915	3.13217164078518e-23	1.22154693990622e-21	NOTCH1
PD30987_30	ENST00000277541	50	5	800	5288	1703.356569	6146.038226	30.2349366629687	1.36968109199798e-35	5.47872436799191e-34	NOTCH1
PD30987_31	ENST00000277541	50	5	800	5288	1703.356569	6146.038226	30.2349366629687	1.36968109199798e-35	5.47872436799191e-34	NOTCH1
PD30987_32	ENST00000277541	50	5	800	5288	1703.356569	6146.038226	30.2349366629687	1.36968109199798e-35	5.47872436799191e-34	NOTCH1
PD30987_33	ENST00000277541	50	5	800	5288	1703.356569	6146.038226	30.2349366629687	1.36968109199798e-35	5.47872436799191e-34	NOTCH1
PD30987_34	ENST00000277541	50	5	800	5288	1703.356569	6146.038226	30.2349366629687	1.36968109199798e-35	5.47872436799191e-34	NOTCH1
PD30987_35	ENST00000277541	50	5	800	5288	1703.356569	6146.038226	30.2349366629687	1.36968109199798e-35	5.47872436799191e-34	NOTCH1
PD30987_36	ENST00000277541	50	5	800	5288	1703.356569	6146.038226	30.2349366629687	1.36968109199798e-35	5.47872436799191e-34	NOTCH1
PD30987_37	ENST00000277541	50	5	800	5288	1703.356569	6146.038226	30.2349366629687	1.36968109199798e-35	5.47872436799191e-34	NOTCH1
PD30987_38	ENST00000277541	50	5	800	5288	1703.356569	6146.038226	30.2349366629687	1.36968109199798e-35	5.47872436799191e-34	NOTCH1
PD30987_39	ENST00000277541	50	5	800	5288	1703.356569	6146.038226	30.2349366629687	1.36968109199798e-35	5.47872436799191e-34	NOTCH1
PD30987_3	ENST00000277541	42	5	800	5288	1691.397216	5889.133698	24.5393778760955	2.43283590674824e-28	9.73134362699297e-27	NOTCH1
PD30987_40	ENST00000277541	50	5	800	5288	1703.356569	6146.038226	30.2349366629687	1.36968109199798e-35	5.47872436799191e-34	NOTCH1
PD30987_41	ENST00000277541	50	5	800	5288	1703.356569	6146.038226	30.2349366629687	1.36968109199798e-35	5.47872436799191e-34	NOTCH1
PD30987_42	ENST00000277541	50	5	800	5288	1703.356569	6146.038226	30.2349366629687	1.36968109199798e-35	5.47872436799191e-34	NOTCH1
PD30987_43	ENST00000277541	50	5	800	5288	1703.356569	6146.038226	30.2349366629687	1.36968109199798e-35	5.47872436799191e-34	NOTCH1
PD30987_44	ENST00000277541	50	5	800	5288	1703.356569	6146.038226	30.2349366629687	1.36968109199798e-35	5.47872436799191e-34	NOTCH1
PD30987_45	ENST00000277541	50	5	800	5288	1703.356569	6146.038226	30.2349366629687	1.36968109199798e-35	5.47872436799191e-34	NOTCH1
PD30987_46	ENST00000277541	50	5	800	5288	1703.356569	6146.038226	30.2349366629687	1.36968109199798e-35	5.47872436799191e-34	NOTCH1
PD30987_47	ENST00000277541	50	5	800	5288	1703.356569	6146.038226	30.2349366629687	1.36968109199798e-35	5.47872436799191e-34	NOTCH1
PD30987_48	ENST00000277541	50	5	800	5288	1703.356569	6146.038226	30.2349366629687	1.36968109199798e-35	5.47872436799191e-34	NOTCH1
PD30987_49	ENST00000277541	50	5	800	5288	1703.356569	6146.038226	30.2349366629687	1.36968109199798e-35	5.47872436799191e-34	NOTCH1
PD30987_4	ENST00000277541	45	5	800	5288	1723.330461	5964.409241	26.1240035325993	2.11371368242017e-30	8.45485472968066e-29	NOTCH1
PD30987_50	ENST00000277541	50	5	800	5288	1703.356569	6146.038226	30.2349366629687	1.36968109199798e-35	5.47872436799191e-34	NOTCH1
PD30987_5	ENST00000277541	47	5	800	5288	1737.478218	6007.239741	27.2500055062561	7.37769706432312e-32	2.95107882572925e-30	NOTCH1
PD30987_6	ENST00000277541	49	5	800	5288	1721.851804	6077.463551	28.991806486791	4.75828661902398e-34	1.90331464760959e-32	NOTCH1
PD30987_7	ENST00000277541	49	5	800	5288	1729.45855	6065.089446	28.8065920404202	7.90131516188967e-34	3.16052606475587e-32	NOTCH1
PD30987_8	ENST00000277541	49	5	800	5288	1717.644559	6103.925595	29.18822728659	2.77896987996065e-34	1.11158795198426e-32	NOTCH1
PD30987_9	ENST00000277541	49	5	800	5288	1717.644559	6103.925595	29.18822728659	2.77896987996065e-34	1.11158795198426e-32	NOTCH1
PD30988_10	ENST00000277541	45	4	800	5288	1418.319391	7249.030528	46.1990007652656	2.88910770481124e-46	1.53122708354996e-44	NOTCH1
PD30988_11	ENST00000277541	45	4	800	5288	1417.190348	7246.075876	46.2168833184856	2.77237385113031e-46	1.46935814109906e-44	NOTCH1
PD30988_12	ENST00000277541	45	4	800	5288	1412.559237	7235.904965	46.3029477413697	2.27324565595495e-46	1.20482019765613e-44	NOTCH1
PD30988_13	ENST00000277541	45	4	800	5288	1411.038818	7235.198489	46.3481183723182	2.04833985235654e-46	1.08562012174897e-44	NOTCH1
PD30988_14	ENST00000277541	46	4	800	5288	1421.762787	7233.06863	47.0040322931873	3.74888978406105e-47	1.98691158555236e-45	NOTCH1
PD30988_15	ENST00000277541	47	4	800	5288	1417.343129	7241.114847	48.2239951562216	1.86412922355547e-48	9.87988488484398e-47	NOTCH1
PD30988_16	ENST00000277541	47	4	800	5288	1415.727003	7238.818028	48.2635668592951	1.70101873863345e-48	9.01539931475727e-47	NOTCH1
PD30988_17	ENST00000277541	47	4	800	5288	1417.035847	7230.201717	48.1620161223769	2.15159772425145e-48	1.14034679385327e-46	NOTCH1
PD30988_18	ENST00000277541	47	4	800	5288	1417.035847	7230.201717	48.1620161223769	2.15159772425145e-48	1.14034679385327e-46	NOTCH1
PD30988_19	ENST00000277541	47	4	800	5288	1415.425579	7223.770707	48.1738713594351	2.09337617382851e-48	1.10948937212911e-46	NOTCH1
PD30988_1	ENST00000277541	5	4	800	5288	997.2343429	6410.753876	6.62853299391721	0.000215698622956129	0.00188736295086613	NOTCH1
PD30988_20	ENST00000277541	47	4	800	5288	1414.26581	7232.551225	48.2715725673945	1.6697979089472e-48	8.84992891742015e-47	NOTCH1
PD30988_21	ENST00000277541	47	4	800	5288	1420.874988	7233.023552	48.0510931383923	2.78120237928355e-48	1.47403726102028e-46	NOTCH1
PD30988_22	ENST00000277541	47	4	800	5288	1417.840718	7229.75697	48.1318407598448	2.30720165253807e-48	1.22281687584518e-46	NOTCH1
PD30988_23	ENST00000277541	47	4	800	5288	1417.840718	7229.75697	48.1318407598448	2.30720165253807e-48	1.22281687584518e-46	NOTCH1
PD30988_24	ENST00000277541	47	4	800	5288	1417.840718	7229.75697	48.1318407598448	2.30720165253807e-48	1.22281687584518e-46	NOTCH1
PD30988_25	ENST00000277541	47	4	800	5288	1417.840718	7229.75697	48.1318407598448	2.30720165253807e-48	1.22281687584518e-46	NOTCH1
PD30988_26	ENST00000277541	47	4	800	5288	1417.840718	7229.75697	48.1318407598448	2.30720165253807e-48	1.22281687584518e-46	NOTCH1
PD30988_27	ENST00000277541	47	4	800	5288	1417.840718	7229.75697	48.1318407598448	2.30720165253807e-48	1.22281687584518e-46	NOTCH1
PD30988_28	ENST00000277541	47	4	800	5288	1417.840718	7229.75697	48.1318407598448	2.30720165253807e-48	1.22281687584518e-46	NOTCH1
PD30988_29	ENST00000277541	47	4	800	5288	1417.840718	7229.75697	48.1318407598448	2.30720165253807e-48	1.22281687584518e-46	NOTCH1
PD30988_2	ENST00000277541	24	4	800	5288	1418.021006	7209.039951	24.6025946148784	4.5409456418945e-23	1.11253168226415e-21	NOTCH1
PD30988_30	ENST00000277541	47	4	800	5288	1417.840718	7229.75697	48.1318407598448	2.30720165253807e-48	1.22281687584518e-46	NOTCH1
PD30988_31	ENST00000277541	47	4	800	5288	1417.840718	7229.75697	48.1318407598448	2.30720165253807e-48	1.22281687584518e-46	NOTCH1
PD30988_32	ENST00000277541	47	4	800	5288	1417.840718	7229.75697	48.1318407598448	2.30720165253807e-48	1.22281687584518e-46	NOTCH1
PD30988_33	ENST00000277541	47	4	800	5288	1416.240446	7222.919885	48.1406213194677	2.26079714483598e-48	1.19822248676307e-46	NOTCH1
PD30988_34	ENST00000277541	47	4	800	5288	1414.643783	7231.554887	48.2521080675473	1.74672446756286e-48	9.25763967808318e-47	NOTCH1
PD30988_35	ENST00000277541	47	4	800	5288	1413.186957	7230.768292	48.2964118782197	1.57652968446436e-48	8.3556073276611e-47	NOTCH1
PD30988_36	ENST00000277541	47	4	800	5288	1413.186957	7230.768292	48.2964118782197	1.57652968446436e-48	8.3556073276611e-47	NOTCH1
PD30988_37	ENST00000277541	47	4	800	5288	1413.186957	7230.768292	48.2964118782197	1.57652968446436e-48	8.3556073276611e-47	NOTCH1
PD30988_38	ENST00000277541	47	4	800	5288	1413.186957	7230.768292	48.2964118782197	1.57652968446436e-48	8.3556073276611e-47	NOTCH1
PD30988_39	ENST00000277541	47	4	800	5288	1410.702535	7222.581941	48.3265671259321	1.47027414960452e-48	7.79245299290394e-47	NOTCH1
PD30988_3	ENST00000277541	29	4	800	5288	1423.188797	7162.354881	29.3891408907711	3.2498648188323e-28	8.61214176990561e-27	NOTCH1
PD30988_40	ENST00000277541	47	4	800	5288	1410.702535	7222.581941	48.3265671259321	1.47027414960452e-48	7.79245299290394e-47	NOTCH1
PD30988_41	ENST00000277541	47	4	800	5288	1410.702535	7222.581941	48.3265671259321	1.47027414960452e-48	7.79245299290394e-47	NOTCH1
PD30988_42	ENST00000277541	47	4	800	5288	1410.702535	7222.581941	48.3265671259321	1.47027414960452e-48	7.79245299290394e-47	NOTCH1
PD30988_43	ENST00000277541	47	4	800	5288	1410.702535	7222.581941	48.3265671259321	1.47027414960452e-48	7.79245299290394e-47	NOTCH1
PD30988_44	ENST00000277541	47	4	800	5288	1410.702535	7222.581941	48.3265671259321	1.47027414960452e-48	7.79245299290394e-47	NOTCH1
PD30988_45	ENST00000277541	47	4	800	5288	1410.702535	7222.581941	48.3265671259321	1.47027414960452e-48	7.79245299290394e-47	NOTCH1
PD30988_46	ENST00000277541	47	4	800	5288	1410.702535	7222.581941	48.3265671259321	1.47027414960452e-48	7.79245299290394e-47	NOTCH1
PD30988_47	ENST00000277541	47	4	800	5288	1410.702535	7222.581941	48.3265671259321	1.47027414960452e-48	7.79245299290394e-47	NOTCH1
PD30988_48	ENST00000277541	47	4	800	5288	1410.702535	7222.581941	48.3265671259321	1.47027414960452e-48	7.79245299290394e-47	NOTCH1
PD30988_49	ENST00000277541	47	4	800	5288	1410.702535	7222.581941	48.3265671259321	1.47027414960452e-48	7.79245299290394e-47	NOTCH1
PD30988_4	ENST00000277541	34	4	800	5288	1396.072347	7189.542259	35.2188781163502	2.13389957198939e-34	1.13096677315437e-32	NOTCH1
PD30988_50	ENST00000277541	47	4	800	5288	1410.702535	7222.581941	48.3265671259321	1.47027414960452e-48	7.79245299290394e-47	NOTCH1
PD30988_5	ENST00000277541	37	4	800	5288	1421.667541	7238.163534	37.8757635712244	2.68747942936218e-37	1.42436409756195e-35	NOTCH1
PD30988_6	ENST00000277541	40	4	800	5288	1418.48526	7262.17338	41.1573427925504	8.14221468997575e-41	4.31537378568715e-39	NOTCH1
PD30988_7	ENST00000277541	41	4	800	5288	1400.457904	7252.28217	42.6637639047521	2.11932944265147e-42	1.12324460460528e-40	NOTCH1
PD30988_8	ENST00000277541	42	4	800	5288	1408.948379	7228.740967	43.2969828475171	4.06602263120169e-43	2.1549919945369e-41	NOTCH1
PD30988_9	ENST00000277541	44	4	800	5288	1407.319525	7251.457494	45.5435234952773	1.57955894957332e-45	8.37166243273859e-44	NOTCH1
PD31182_10	ENST00000277541	44	6	800	5288	1199.370174	6687.618333	35.1916344131371	1.33758768933627e-46	6.01914460201322e-45	NOTCH1
PD31182_11	ENST00000277541	45	6	800	5288	1194.541731	6682.08746	36.1033224943781	6.00629720067607e-48	2.70283374030423e-46	NOTCH1
PD31182_12	ENST00000277541	45	6	800	5288	1184.67278	6764.428393	36.8497114168763	5.93568368035542e-49	2.67105765615994e-47	NOTCH1
PD31182_13	ENST00000277541	45	6	800	5288	1182.401602	6792.987059	37.0754885333065	2.94740179465471e-49	1.32633080759462e-47	NOTCH1
PD31182_14	ENST00000277541	46	6	800	5288	1193.577759	6785.438502	37.5011474641116	5.93017493264512e-50	2.6685787196903e-48	NOTCH1
PD31182_15	ENST00000277541	46	6	800	5288	1190.009514	6792.351726	37.6513423056309	3.71801368080618e-50	1.67310615636278e-48	NOTCH1
PD31182_16	ENST00000277541	46	6	800	5288	1196.153309	6789.720829	37.444234075063	7.07780956369097e-50	3.18501430366094e-48	NOTCH1
PD31182_17	ENST00000277541	47	6	800	5288	1205.417902	6782.86038	37.9239971739337	1.20864814168028e-50	5.43891663756124e-49	NOTCH1
PD31182_18	ENST00000277541	47	6	800	5288	1204.288139	6779.769652	37.9422085160018	1.14197333114633e-50	5.13887999015849e-49	NOTCH1
PD31182_19	ENST00000277541	47	6	800	5288	1195.454436	6800.273854	38.3366855449819	3.34081602841013e-51	1.50336721278456e-49	NOTCH1
PD31182_1	ENST00000277541	4	3	800	5288	908.6093778	5738.850901	6.56608152107716	0.000812811056750314	0.0125985713796299	NOTCH1
PD31182_20	ENST00000277541	47	6	800	5288	1195.454436	6800.273854	38.3366855449819	3.34081602841013e-51	1.50336721278456e-49	NOTCH1
PD31182_21	ENST00000277541	48	6	800	5288	1192.554812	6795.195084	39.2149592921903	1.64374133377231e-52	7.39683600197541e-51	NOTCH1
PD31182_22	ENST00000277541	48	6	800	5288	1190.823963	6806.244158	39.3353742252498	1.12855323013264e-52	5.07848953559687e-51	NOTCH1
PD31182_23	ENST00000277541	49	6	800	5288	1192.880156	6812.378916	40.11892026382	7.44473963516752e-54	3.35013283582539e-52	NOTCH1
PD31182_24	ENST00000277541	49	6	800	5288	1191.156341	6810.078062	40.1632514380171	6.4802871436284e-54	2.91612921463278e-52	NOTCH1
PD31182_25	ENST00000277541	50	6	800	5288	1187.330775	6786.993896	40.9726990448085	3.93620039456509e-55	1.77129017755429e-53	NOTCH1
PD31182_26	ENST00000277541	51	6	800	5288	1199.774181	6775.862658	41.2897664089673	1.12212820908429e-55	5.04957694087932e-54	NOTCH1
PD31182_27	ENST00000277541	51	6	800	5288	1199.774181	6775.862658	41.2897664089673	1.12212820908429e-55	5.04957694087932e-54	NOTCH1
PD31182_28	ENST00000277541	51	6	800	5288	1199.774181	6775.862658	41.2897664089673	1.12212820908429e-55	5.04957694087932e-54	NOTCH1
PD31182_29	ENST00000277541	51	6	800	5288	1199.774181	6775.862658	41.2897664089673	1.12212820908429e-55	5.04957694087932e-54	NOTCH1
PD31182_2	ENST00000277541	21	4	800	5288	1047.428449	6545.587006	26.446628541975	2.45306746324948e-24	1.05481900919728e-22	NOTCH1
PD31182_30	ENST00000277541	51	6	800	5288	1199.774181	6775.862658	41.2897664089673	1.12212820908429e-55	5.04957694087932e-54	NOTCH1
PD31182_31	ENST00000277541	51	6	800	5288	1199.774181	6775.862658	41.2897664089673	1.12212820908429e-55	5.04957694087932e-54	NOTCH1
PD31182_32	ENST00000277541	51	6	800	5288	1199.774181	6775.862658	41.2897664089673	1.12212820908429e-55	5.04957694087932e-54	NOTCH1
PD31182_33	ENST00000277541	51	6	800	5288	1199.774181	6775.862658	41.2897664089673	1.12212820908429e-55	5.04957694087932e-54	NOTCH1
PD31182_34	ENST00000277541	51	6	800	5288	1199.774181	6775.862658	41.2897664089673	1.12212820908429e-55	5.04957694087932e-54	NOTCH1
PD31182_35	ENST00000277541	51	6	800	5288	1199.774181	6775.862658	41.2897664089673	1.12212820908429e-55	5.04957694087932e-54	NOTCH1
PD31182_36	ENST00000277541	51	6	800	5288	1199.774181	6775.862658	41.2897664089673	1.12212820908429e-55	5.04957694087932e-54	NOTCH1
PD31182_37	ENST00000277541	51	6	800	5288	1199.774181	6775.862658	41.2897664089673	1.12212820908429e-55	5.04957694087932e-54	NOTCH1
PD31182_38	ENST00000277541	51	6	800	5288	1199.774181	6775.862658	41.2897664089673	1.12212820908429e-55	5.04957694087932e-54	NOTCH1
PD31182_39	ENST00000277541	51	6	800	5288	1203.743018	6768.737874	41.1109786500484	1.96820726799763e-55	8.85693270598934e-54	NOTCH1
PD31182_3	ENST00000277541	29	5	800	5288	1076.502761	6591.898105	29.7632845250702	5.71544353133815e-33	2.51479515378879e-31	NOTCH1
PD31182_40	ENST00000277541	51	6	800	5288	1203.743018	6768.737874	41.1109786500484	1.96820726799763e-55	8.85693270598934e-54	NOTCH1
PD31182_41	ENST00000277541	51	6	800	5288	1203.743018	6768.737874	41.1109786500484	1.96820726799763e-55	8.85693270598934e-54	NOTCH1
PD31182_42	ENST00000277541	51	6	800	5288	1203.743018	6768.737874	41.1109786500484	1.96820726799763e-55	8.85693270598934e-54	NOTCH1
PD31182_43	ENST00000277541	51	6	800	5288	1203.743018	6768.737874	41.1109786500484	1.96820726799763e-55	8.85693270598934e-54	NOTCH1
PD31182_44	ENST00000277541	51	6	800	5288	1203.743018	6768.737874	41.1109786500484	1.96820726799763e-55	8.85693270598934e-54	NOTCH1
PD31182_45	ENST00000277541	51	6	800	5288	1200.318429	6766.342948	41.2133266843072	1.42683921239364e-55	6.4207764557714e-54	NOTCH1
PD31182_46	ENST00000277541	51	6	800	5288	1200.318429	6766.342948	41.2133266843072	1.42683921239364e-55	6.4207764557714e-54	NOTCH1
PD31182_47	ENST00000277541	51	6	800	5288	1200.318429	6766.342948	41.2133266843072	1.42683921239364e-55	6.4207764557714e-54	NOTCH1
PD31182_48	ENST00000277541	51	6	800	5288	1200.318429	6766.342948	41.2133266843072	1.42683921239364e-55	6.4207764557714e-54	NOTCH1
PD31182_49	ENST00000277541	51	6	800	5288	1200.318429	6766.342948	41.2133266843072	1.42683921239364e-55	6.4207764557714e-54	NOTCH1
PD31182_4	ENST00000277541	31	6	800	5288	1047.293229	6586.689938	27.9952542180661	3.05257122973579e-35	1.34313134108375e-33	NOTCH1
PD31182_50	ENST00000277541	51	6	800	5288	1200.318429	6766.342948	41.2133266843072	1.42683921239364e-55	6.4207764557714e-54	NOTCH1
PD31182_5	ENST00000277541	36	6	800	5288	1091.937927	6594.499252	31.2019189659879	3.25724993884658e-40	1.4331899730925e-38	NOTCH1
PD31182_6	ENST00000277541	37	6	800	5288	1098.169682	6665.580433	32.2256529937862	1.0432017866961e-41	4.59008786146284e-40	NOTCH1
PD31182_7	ENST00000277541	40	6	800	5288	1178.049986	6655.54087	32.4264296281131	2.13361295483644e-42	9.38789700128036e-41	NOTCH1
PD31182_8	ENST00000277541	41	6	800	5288	1168.558529	6680.478677	33.6272885977113	3.9799155736503e-44	1.75116285240613e-42	NOTCH1
PD31182_9	ENST00000277541	43	6	800	5288	1181.888552	6654.894425	34.7316224578218	7.36738006504842e-46	3.24164722862131e-44	NOTCH1
PD36806_10	ENST00000277541	13	4	800	5288	1615.35801	6608.123003	10.8361064862643	3.69167136144956e-09	8.12167699518904e-08	NOTCH1
PD36806_11	ENST00000277541	13	4	800	5288	1615.35801	6608.123003	10.8361064862643	3.69167136144956e-09	8.12167699518904e-08	NOTCH1
PD36806_12	ENST00000277541	13	4	800	5288	1615.35801	6608.123003	10.8361064862643	3.69167136144956e-09	8.12167699518904e-08	NOTCH1
PD36806_13	ENST00000277541	13	4	800	5288	1615.35801	6608.123003	10.8361064862643	3.69167136144956e-09	8.12167699518904e-08	NOTCH1
PD36806_14	ENST00000277541	13	4	800	5288	1615.35801	6608.123003	10.8361064862643	3.69167136144956e-09	8.12167699518904e-08	NOTCH1
PD36806_15	ENST00000277541	13	4	800	5288	1615.35801	6608.123003	10.8361064862643	3.69167136144956e-09	8.12167699518904e-08	NOTCH1
PD36806_16	ENST00000277541	13	4	800	5288	1615.35801	6608.123003	10.8361064862643	3.69167136144956e-09	8.12167699518904e-08	NOTCH1
PD36806_17	ENST00000277541	13	4	800	5288	1615.35801	6608.123003	10.8361064862643	3.69167136144956e-09	8.12167699518904e-08	NOTCH1
PD36806_18	ENST00000277541	13	4	800	5288	1615.35801	6608.123003	10.8361064862643	3.69167136144956e-09	8.12167699518904e-08	NOTCH1
PD36806_19	ENST00000277541	13	4	800	5288	1615.35801	6608.123003	10.8361064862643	3.69167136144956e-09	8.12167699518904e-08	NOTCH1
PD36806_1	ENST00000277541	3	1	800	5288	1494.178759	5479.572195	6.00092031692441	0.0090165239942154	0.126231335919016	NOTCH1
PD36806_20	ENST00000277541	13	4	800	5288	1615.35801	6608.123003	10.8361064862643	3.69167136144956e-09	8.12167699518904e-08	NOTCH1
PD36806_21	ENST00000277541	13	4	800	5288	1615.35801	6608.123003	10.8361064862643	3.69167136144956e-09	8.12167699518904e-08	NOTCH1
PD36806_22	ENST00000277541	13	4	800	5288	1615.35801	6608.123003	10.8361064862643	3.69167136144956e-09	8.12167699518904e-08	NOTCH1
PD36806_23	ENST00000277541	13	4	800	5288	1615.35801	6608.123003	10.8361064862643	3.69167136144956e-09	8.12167699518904e-08	NOTCH1
PD36806_24	ENST00000277541	13	4	800	5288	1615.35801	6608.123003	10.8361064862643	3.69167136144956e-09	8.12167699518904e-08	NOTCH1
PD36806_25	ENST00000277541	13	4	800	5288	1615.35801	6608.123003	10.8361064862643	3.69167136144956e-09	8.12167699518904e-08	NOTCH1
PD36806_26	ENST00000277541	13	4	800	5288	1615.35801	6608.123003	10.8361064862643	3.69167136144956e-09	8.12167699518904e-08	NOTCH1
PD36806_27	ENST00000277541	13	4	800	5288	1615.35801	6608.123003	10.8361064862643	3.69167136144956e-09	8.12167699518904e-08	NOTCH1
PD36806_28	ENST00000277541	13	4	800	5288	1615.35801	6608.123003	10.8361064862643	3.69167136144956e-09	8.12167699518904e-08	NOTCH1
PD36806_29	ENST00000277541	13	4	800	5288	1615.35801	6608.123003	10.8361064862643	3.69167136144956e-09	8.12167699518904e-08	NOTCH1
PD36806_2	ENST00000277541	9	4	800	5288	1455.183125	6032.512231	7.66196257312976	5.6943082584787e-06	0.000113886165169574	NOTCH1
PD36806_30	ENST00000277541	13	4	800	5288	1615.35801	6608.123003	10.8361064862643	3.69167136144956e-09	8.12167699518904e-08	NOTCH1
PD36806_31	ENST00000277541	13	4	800	5288	1615.35801	6608.123003	10.8361064862643	3.69167136144956e-09	8.12167699518904e-08	NOTCH1
PD36806_32	ENST00000277541	13	4	800	5288	1615.35801	6608.123003	10.8361064862643	3.69167136144956e-09	8.12167699518904e-08	NOTCH1
PD36806_33	ENST00000277541	13	4	800	5288	1615.35801	6608.123003	10.8361064862643	3.69167136144956e-09	8.12167699518904e-08	NOTCH1
PD36806_34	ENST00000277541	13	4	800	5288	1615.35801	6608.123003	10.8361064862643	3.69167136144956e-09	8.12167699518904e-08	NOTCH1
PD36806_35	ENST00000277541	13	4	800	5288	1615.35801	6608.123003	10.8361064862643	3.69167136144956e-09	8.12167699518904e-08	NOTCH1
PD36806_36	ENST00000277541	13	4	800	5288	1615.35801	6608.123003	10.8361064862643	3.69167136144956e-09	8.12167699518904e-08	NOTCH1
PD36806_37	ENST00000277541	13	4	800	5288	1615.35801	6608.123003	10.8361064862643	3.69167136144956e-09	8.12167699518904e-08	NOTCH1
PD36806_38	ENST00000277541	13	4	800	5288	1615.35801	6608.123003	10.8361064862643	3.69167136144956e-09	8.12167699518904e-08	NOTCH1
PD36806_39	ENST00000277541	13	4	800	5288	1615.35801	6608.123003	10.8361064862643	3.69167136144956e-09	8.12167699518904e-08	NOTCH1
PD36806_3	ENST00000277541	11	4	800	5288	1395.522247	6575.904088	10.5667204336586	1.27372769833627e-08	2.8022009363398e-07	NOTCH1
PD36806_40	ENST00000277541	13	4	800	5288	1647.514927	6631.513236	10.665419239021	5.15234852611723e-09	1.13351667574579e-07	NOTCH1
PD36806_41	ENST00000277541	13	4	800	5288	1647.514927	6631.513236	10.665419239021	5.15234852611723e-09	1.13351667574579e-07	NOTCH1
PD36806_42	ENST00000277541	13	4	800	5288	1647.514927	6631.513236	10.665419239021	5.15234852611723e-09	1.13351667574579e-07	NOTCH1
PD36806_43	ENST00000277541	13	4	800	5288	1647.514927	6631.513236	10.665419239021	5.15234852611723e-09	1.13351667574579e-07	NOTCH1
PD36806_44	ENST00000277541	13	4	800	5288	1647.514927	6631.513236	10.665419239021	5.15234852611723e-09	1.13351667574579e-07	NOTCH1
PD36806_45	ENST00000277541	13	4	800	5288	1647.514927	6631.513236	10.665419239021	5.15234852611723e-09	1.13351667574579e-07	NOTCH1
PD36806_46	ENST00000277541	13	4	800	5288	1647.514927	6631.513236	10.665419239021	5.15234852611723e-09	1.13351667574579e-07	NOTCH1
PD36806_47	ENST00000277541	13	4	800	5288	1647.514927	6631.513236	10.665419239021	5.15234852611723e-09	1.13351667574579e-07	NOTCH1
PD36806_48	ENST00000277541	13	4	800	5288	1647.514927	6631.513236	10.665419239021	5.15234852611723e-09	1.13351667574579e-07	NOTCH1
PD36806_49	ENST00000277541	13	4	800	5288	1647.514927	6631.513236	10.665419239021	5.15234852611723e-09	1.13351667574579e-07	NOTCH1
PD36806_4	ENST00000277541	12	4	800	5288	1603.804392	6564.972252	10.0240991753064	2.47014680269858e-08	5.43432296593687e-07	NOTCH1
PD36806_50	ENST00000277541	13	4	800	5288	1647.514927	6631.513236	10.665419239021	5.15234852611723e-09	1.13351667574579e-07	NOTCH1
PD36806_5	ENST00000277541	13	4	800	5288	1632.978352	6554.50938	10.6359769173474	5.45737058375874e-09	1.20062152842692e-07	NOTCH1
PD36806_6	ENST00000277541	13	4	800	5288	1615.35801	6608.123003	10.8361064862643	3.69167136144956e-09	8.12167699518904e-08	NOTCH1
PD36806_7	ENST00000277541	13	4	800	5288	1615.35801	6608.123003	10.8361064862643	3.69167136144956e-09	8.12167699518904e-08	NOTCH1
PD36806_8	ENST00000277541	13	4	800	5288	1615.35801	6608.123003	10.8361064862643	3.69167136144956e-09	8.12167699518904e-08	NOTCH1
PD36806_9	ENST00000277541	13	4	800	5288	1615.35801	6608.123003	10.8361064862643	3.69167136144956e-09	8.12167699518904e-08	NOTCH1
