ID	dnds	low_ci	high_ci	muts	Pvalue
PD36806_1	1.97270143315685	0.740507846432801	5.25524606271978	18	0.175028926202739
PD30272_1	1.25185710421213	0.590790908844135	2.65262411101156	37	0.569278344049119
PD36806_2	3.6138123034495	1.97271910439497	6.62012109857291	42	3.78829456607158e-05
PD30274_1	3.13540969775411	1.69291428069571	5.80702406782847	46	0.000303498574526017
PD36806_3	4.17451099321309	2.34249322337447	7.43931374424777	46	1.75813795829941e-06
PD36806_4	4.13677741825914	2.3354042069994	7.32760836729245	47	1.59729783771209e-06
PD36806_10	4.47539328591339	2.55418823307782	7.84168715688715	49	2.5952449292126e-07
PD36806_11	4.47539328591339	2.55418823307782	7.84168715688715	49	2.5952449292126e-07
PD36806_12	4.47539328591339	2.55418823307782	7.84168715688715	49	2.5952449292126e-07
PD36806_13	4.47539328591339	2.55418823307782	7.84168715688715	49	2.5952449292126e-07
PD36806_14	4.47539328591339	2.55418823307782	7.84168715688715	49	2.5952449292126e-07
PD36806_15	4.47539328591339	2.55418823307782	7.84168715688715	49	2.5952449292126e-07
PD36806_16	4.47539328591339	2.55418823307782	7.84168715688715	49	2.5952449292126e-07
PD36806_17	4.47539328591339	2.55418823307782	7.84168715688715	49	2.5952449292126e-07
PD36806_18	4.47539328591339	2.55418823307782	7.84168715688715	49	2.5952449292126e-07
PD36806_19	4.47539328591339	2.55418823307782	7.84168715688715	49	2.5952449292126e-07
PD36806_20	4.47539328591339	2.55418823307782	7.84168715688715	49	2.5952449292126e-07
PD36806_21	4.47539328591339	2.55418823307782	7.84168715688715	49	2.5952449292126e-07
PD36806_22	4.47539328591339	2.55418823307782	7.84168715688715	49	2.5952449292126e-07
PD36806_23	4.47539328591339	2.55418823307782	7.84168715688715	49	2.5952449292126e-07
PD36806_24	4.47539328591339	2.55418823307782	7.84168715688715	49	2.5952449292126e-07
PD36806_25	4.47539328591339	2.55418823307782	7.84168715688715	49	2.5952449292126e-07
PD36806_26	4.47539328591339	2.55418823307782	7.84168715688715	49	2.5952449292126e-07
PD36806_27	4.47539328591339	2.55418823307782	7.84168715688715	49	2.5952449292126e-07
PD36806_28	4.47539328591339	2.55418823307782	7.84168715688715	49	2.5952449292126e-07
PD36806_29	4.47539328591339	2.55418823307782	7.84168715688715	49	2.5952449292126e-07
PD36806_30	4.47539328591339	2.55418823307782	7.84168715688715	49	2.5952449292126e-07
PD36806_31	4.47539328591339	2.55418823307782	7.84168715688715	49	2.5952449292126e-07
PD36806_32	4.47539328591339	2.55418823307782	7.84168715688715	49	2.5952449292126e-07
PD36806_33	4.47539328591339	2.55418823307782	7.84168715688715	49	2.5952449292126e-07
PD36806_34	4.47539328591339	2.55418823307782	7.84168715688715	49	2.5952449292126e-07
PD36806_35	4.47539328591339	2.55418823307782	7.84168715688715	49	2.5952449292126e-07
PD36806_36	4.47539328591339	2.55418823307782	7.84168715688715	49	2.5952449292126e-07
PD36806_37	4.47539328591339	2.55418823307782	7.84168715688715	49	2.5952449292126e-07
PD36806_38	4.47539328591339	2.55418823307782	7.84168715688715	49	2.5952449292126e-07
PD36806_39	4.47539328591339	2.55418823307782	7.84168715688715	49	2.5952449292126e-07
PD36806_40	4.45795167658179	2.54423305885114	7.81112920516497	49	2.78114677906995e-07
PD36806_41	4.45795167658179	2.54423305885114	7.81112920516497	49	2.78114677906995e-07
PD36806_42	4.45795167658179	2.54423305885114	7.81112920516497	49	2.78114677906995e-07
PD36806_43	4.45795167658179	2.54423305885114	7.81112920516497	49	2.78114677906995e-07
PD36806_44	4.45795167658179	2.54423305885114	7.81112920516497	49	2.78114677906995e-07
PD36806_45	4.45795167658179	2.54423305885114	7.81112920516497	49	2.78114677906995e-07
PD36806_46	4.45795167658179	2.54423305885114	7.81112920516497	49	2.78114677906995e-07
PD36806_47	4.45795167658179	2.54423305885114	7.81112920516497	49	2.78114677906995e-07
PD36806_48	4.45795167658179	2.54423305885114	7.81112920516497	49	2.78114677906995e-07
PD36806_49	4.45795167658179	2.54423305885114	7.81112920516497	49	2.78114677906995e-07
PD36806_50	4.45795167658179	2.54423305885114	7.81112920516497	49	2.78114677906995e-07
PD36806_5	4.47115790039499	2.55176973325703	7.83426996163488	49	2.63923671032178e-07
PD36806_6	4.47539328591339	2.55418823307782	7.84168715688715	49	2.5952449292126e-07
PD36806_7	4.47539328591339	2.55418823307782	7.84168715688715	49	2.5952449292126e-07
PD36806_8	4.47539328591339	2.55418823307782	7.84168715688715	49	2.5952449292126e-07
PD36806_9	4.47539328591339	2.55418823307782	7.84168715688715	49	2.5952449292126e-07
PD30273_1	3.06184682046429	1.83837611188221	5.0995581869201	61	2.09713764422298e-05
PD31182_1	3.25101613608802	1.95198992526747	5.41452892778452	61	7.62420139279907e-06
PD30987_1	4.73517871504962	2.9435777705604	7.61723290877765	68	3.78121727004693e-10
PD30986_1	2.70503076531203	1.68924269779751	4.33164011946003	72	4.07184686341379e-05
PD30272_2	1.99438352699616	1.25847681398945	3.16061893913206	82	0.00334768583155233
PD30988_1	3.51805018450456	2.28837052138394	5.40851098414234	85	1.8932553008086e-08
PD30272_10	2.13530724023762	1.37253258902538	3.32198816018562	87	0.000808103390815676
PD30272_11	2.13530724023762	1.37253258902538	3.32198816018562	87	0.000808103390815676
PD30272_12	2.13530724023762	1.37253258902538	3.32198816018562	87	0.000808103390815676
PD30272_13	2.13530724023762	1.37253258902538	3.32198816018562	87	0.000808103390815676
PD30272_14	2.13530724023762	1.37253258902538	3.32198816018562	87	0.000808103390815676
PD30272_15	2.13530724023762	1.37253258902538	3.32198816018562	87	0.000808103390815676
PD30272_16	2.13530724023762	1.37253258902538	3.32198816018562	87	0.000808103390815676
PD30272_17	2.13530724023762	1.37253258902538	3.32198816018562	87	0.000808103390815676
PD30272_18	2.13530724023762	1.37253258902538	3.32198816018562	87	0.000808103390815676
PD30272_19	2.13530724023762	1.37253258902538	3.32198816018562	87	0.000808103390815676
PD30272_20	2.13530724023762	1.37253258902538	3.32198816018562	87	0.000808103390815676
PD30272_21	2.13530724023762	1.37253258902538	3.32198816018562	87	0.000808103390815676
PD30272_22	2.13530724023762	1.37253258902538	3.32198816018562	87	0.000808103390815676
PD30272_23	2.13530724023762	1.37253258902538	3.32198816018562	87	0.000808103390815676
PD30272_24	2.13530724023762	1.37253258902538	3.32198816018562	87	0.000808103390815676
PD30272_25	2.13530724023762	1.37253258902538	3.32198816018562	87	0.000808103390815676
PD30272_26	2.13530724023762	1.37253258902538	3.32198816018562	87	0.000808103390815676
PD30272_27	2.13530724023762	1.37253258902538	3.32198816018562	87	0.000808103390815676
PD30272_28	2.13530724023762	1.37253258902538	3.32198816018562	87	0.000808103390815676
PD30272_29	2.13530724023762	1.37253258902538	3.32198816018562	87	0.000808103390815676
PD30272_30	2.13530724023762	1.37253258902538	3.32198816018562	87	0.000808103390815676
PD30272_31	2.13530724023762	1.37253258902538	3.32198816018562	87	0.000808103390815676
PD30272_3	2.11330045291755	1.3583847786221	3.28775680837039	87	0.000948990680667127
PD30272_32	2.13530724023762	1.37253258902538	3.32198816018562	87	0.000808103390815676
PD30272_33	2.13530724023762	1.37253258902538	3.32198816018562	87	0.000808103390815676
PD30272_34	2.13530724023762	1.37253258902538	3.32198816018562	87	0.000808103390815676
PD30272_35	2.13530724023762	1.37253258902538	3.32198816018562	87	0.000808103390815676
PD30272_36	2.13530724023762	1.37253258902538	3.32198816018562	87	0.000808103390815676
PD30272_37	2.13530724023762	1.37253258902538	3.32198816018562	87	0.000808103390815676
PD30272_38	2.13530724023762	1.37253258902538	3.32198816018562	87	0.000808103390815676
PD30272_39	2.13530724023762	1.37253258902538	3.32198816018562	87	0.000808103390815676
PD30272_40	2.13530724023762	1.37253258902538	3.32198816018562	87	0.000808103390815676
PD30272_41	2.13530724023762	1.37253258902538	3.32198816018562	87	0.000808103390815676
PD30272_4	2.11333600631779	1.35840771143476	3.28781192715845	87	0.000948743006407531
PD30272_42	2.13530724023762	1.37253258902538	3.32198816018562	87	0.000808103390815676
PD30272_43	2.13530724023762	1.37253258902538	3.32198816018562	87	0.000808103390815676
PD30272_44	2.13530724023762	1.37253258902538	3.32198816018562	87	0.000808103390815676
PD30272_45	2.13530724023762	1.37253258902538	3.32198816018562	87	0.000808103390815676
PD30272_46	2.13530724023762	1.37253258902538	3.32198816018562	87	0.000808103390815676
PD30272_47	2.13530724023762	1.37253258902538	3.32198816018562	87	0.000808103390815676
PD30272_48	2.13530724023762	1.37253258902538	3.32198816018562	87	0.000808103390815676
PD30272_49	2.13530724023762	1.37253258902538	3.32198816018562	87	0.000808103390815676
PD30272_50	2.13530724023762	1.37253258902538	3.32198816018562	87	0.000808103390815676
PD30272_5	2.12153799880949	1.36368056893955	3.30057022363577	87	0.000893595812474725
PD30272_6	2.12511526896971	1.36598034720328	3.3061346128841	87	0.00087055435961642
PD30272_7	2.13175117810787	1.37024644170451	3.31645676796019	87	0.000829369064004146
PD30272_8	2.13175117810787	1.37024644170451	3.31645676796019	87	0.000829369064004146
PD30272_9	2.13175117810787	1.37024644170451	3.31645676796019	87	0.000829369064004146
PD30274_2	4.02685549603903	2.6961025217391	6.0144468006061	98	3.25901370751003e-11
PD30274_3	3.75121023814911	2.55258301917267	5.51268191674937	106	5.23043094351263e-11
PD30274_4	3.77160392424533	2.61837351737516	5.43276047782628	118	3.95028192667087e-12
PD30274_5	3.98970952875864	2.80000560438401	5.68491080837294	124	1.03898328556768e-13
PD30274_6	4.1244168039024	2.90792838688222	5.84980498455494	127	1.30924985516339e-14
PD30274_7	4.26928195536713	3.02811341794928	6.0191828702265	131	1.07071418921647e-15
PD30273_2	3.74906262510598	2.66409790935734	5.2758836368582	132	1.79721803172979e-13
PD30274_8	4.32118059836446	3.06961922289503	6.08303519355436	132	4.74629201044468e-16
PD30274_10	4.52282813530626	3.22683636934424	6.33932806009465	135	2.54686948525855e-17
PD30274_11	4.54406957975325	3.24199296309253	6.36909721295085	135	2.04763540356172e-17
PD30274_9	4.53533559980082	3.23576124550955	6.35685622088644	135	2.23966514463956e-17
PD31182_2	4.47638301568013	3.19911484806361	6.26360910900036	136	2.89564662519644e-17
PD30274_12	4.66451304919036	3.33693177388743	6.52026575920073	137	3.31983629465837e-18
PD30274_13	4.67285112005614	3.34289726503434	6.53192002596156	137	3.04645157363274e-18
PD30274_14	4.70402494766957	3.36957051541897	6.56696472355805	138	1.65158260392681e-18
PD30986_2	3.84382313546166	2.75334982603245	5.36618200746429	138	1.71315187131815e-14
PD30274_15	4.7548246968512	3.41027335715364	6.62948553680049	139	7.30435823478371e-19
PD30274_16	4.77245780638299	3.42292210453638	6.65406714442042	139	6.08306973308717e-19
PD30274_17	4.77245780638299	3.42292210453638	6.65406714442042	139	6.08306973308717e-19
PD30274_18	4.77245780638299	3.42292210453638	6.65406714442042	139	6.08306973308717e-19
PD30274_19	4.77245780638299	3.42292210453638	6.65406714442042	139	6.08306973308717e-19
PD30274_20	4.77245780638299	3.42292210453638	6.65406714442042	139	6.08306973308717e-19
PD30274_21	4.77560774056506	3.42518186108283	6.65845792040221	139	5.88755277216717e-19
PD30274_22	4.82952336111128	3.46812776334365	6.72532775235259	140	2.51691935357851e-19
PD30274_23	4.86424957691502	3.4972671087428	6.76554669998414	141	1.31290279721489e-19
PD30274_24	4.86424957691502	3.4972671087428	6.76554669998414	141	1.31290279721489e-19
PD30274_25	4.8618209353393	3.49552084912653	6.76216902359776	141	1.34658263093395e-19
PD30274_26	4.85940403919531	3.49378303495277	6.7588076820766	141	1.38096455588169e-19
PD30274_27	4.85940403919531	3.49378303495277	6.7588076820766	141	1.38096455588169e-19
PD30987_2	6.74886477974727	4.80077318534021	9.48746671773569	141	5.84599912281716e-26
PD30274_28	4.90575340877726	3.53124656255828	6.8152750257955	142	6.38106941842302e-20
PD30274_29	4.92285103631386	3.54355484296983	6.83902561119267	142	5.33652679262914e-20
PD30274_30	4.92285103631386	3.54355484296983	6.83902561119267	142	5.33652679262914e-20
PD30274_31	4.89994538856504	3.52706498577473	6.80720794988301	142	6.78120205645376e-20
PD30274_32	4.89994538856504	3.52706498577473	6.80720794988301	142	6.78120205645376e-20
PD30274_33	4.89994538856504	3.52706498577473	6.80720794988301	142	6.78120205645376e-20
PD30274_34	4.89994538856504	3.52706498577473	6.80720794988301	142	6.78120205645376e-20
PD30274_35	4.89994538856504	3.52706498577473	6.80720794988301	142	6.78120205645376e-20
PD30274_36	4.89994538856504	3.52706498577473	6.80720794988301	142	6.78120205645376e-20
PD30274_37	4.89994538856504	3.52706498577473	6.80720794988301	142	6.78120205645376e-20
PD30274_38	4.89994538856504	3.52706498577473	6.80720794988301	142	6.78120205645376e-20
PD30274_39	4.89994538856504	3.52706498577473	6.80720794988301	142	6.78120205645376e-20
PD30274_40	4.90991678652751	3.53424384350882	6.82105817200512	142	6.10905647715177e-20
PD30274_41	4.90991678652751	3.53424384350882	6.82105817200512	142	6.10905647715177e-20
PD30274_42	4.90414456468518	3.53008838499424	6.81304015320579	142	6.48940046381755e-20
PD30274_43	4.90414456468518	3.53008838499424	6.81304015320579	142	6.48940046381755e-20
PD30274_44	4.9775672338863	3.58704450543595	6.90712800755933	143	2.25671480931908e-20
PD30274_45	4.9775672338863	3.58704450543595	6.90712800755933	143	2.25671480931908e-20
PD30274_46	4.9775672338863	3.58704450543595	6.90712800755933	143	2.25671480931908e-20
PD30274_47	4.9775672338863	3.58704450543595	6.90712800755933	143	2.25671480931908e-20
PD30274_48	4.90521127887596	3.53895660403676	6.79892419787413	144	3.61282387884546e-20
PD30274_49	4.90521127887596	3.53895660403676	6.79892419787413	144	3.61282387884546e-20
PD30274_50	4.90521127887596	3.53895660403676	6.79892419787413	144	3.61282387884546e-20
PD30986_3	4.53524114962936	3.30977473004649	6.21444477733461	155	1.20830950399939e-19
PD30273_3	4.18161286948223	3.05567949318768	5.7224215527847	156	6.02120342070481e-18
PD30987_3	7.15030410307546	5.1563019973996	9.91541007339015	156	1.58691128946927e-29
PD31182_3	5.57946146537754	4.08217485618772	7.62593258259032	159	4.30292605214725e-25
PD30987_4	7.33219554637986	5.31222411615331	10.1202604323257	162	5.02815560587523e-31
PD30986_4	4.83768961318595	3.55690328919707	6.57966744966243	163	4.32484991210241e-22
PD30987_5	7.34138628638721	5.33420731235887	10.1038353873278	165	1.41588367796636e-31
PD30987_6	7.59956583509936	5.53029528760587	10.4430953282807	168	7.06479122044194e-33
PD30987_7	7.670649523356	5.58478977620959	10.5355557626908	169	2.99218608299355e-33
PD30987_8	7.78696908597284	5.67224652258401	10.690100880572	170	8.45831152870759e-34
PD30987_9	7.78696908597284	5.67224652258401	10.690100880572	170	8.45831152870759e-34
PD30273_4	4.81556284049718	3.56672280832688	6.50166741767503	171	5.9864197410569e-23
PD30987_10	7.86097851094177	5.72890322253406	10.7865294191782	171	3.50649533134501e-34
PD30987_11	7.89260502159724	5.75195337895449	10.8299233187222	171	2.64339194649548e-34
PD30987_12	7.89260502159724	5.75195337895449	10.8299233187222	171	2.64339194649548e-34
PD30987_13	7.89260502159724	5.75195337895449	10.8299233187222	171	2.64339194649548e-34
PD30987_14	7.89260502159724	5.75195337895449	10.8299233187222	171	2.64339194649548e-34
PD30987_15	7.89260502159724	5.75195337895449	10.8299233187222	171	2.64339194649548e-34
PD30987_16	7.91376476931582	5.76737637756703	10.8589536600495	171	2.18860324102555e-34
PD30987_17	7.91376476931582	5.76737637756703	10.8589536600495	171	2.18860324102555e-34
PD30987_18	7.91376476931582	5.76737637756703	10.8589536600495	171	2.18860324102555e-34
PD30987_19	7.91376476931582	5.76737637756703	10.8589536600495	171	2.18860324102555e-34
PD30987_20	7.91376476931582	5.76737637756703	10.8589536600495	171	2.18860324102555e-34
PD30987_21	7.91376476931582	5.76737637756703	10.8589536600495	171	2.18860324102555e-34
PD30987_22	7.91376476931582	5.76737637756703	10.8589536600495	171	2.18860324102555e-34
PD30987_23	7.91376476931582	5.76737637756703	10.8589536600495	171	2.18860324102555e-34
PD30987_24	7.91376476931582	5.76737637756703	10.8589536600495	171	2.18860324102555e-34
PD30987_25	7.91376476931582	5.76737637756703	10.8589536600495	171	2.18860324102555e-34
PD30987_26	7.91376476931582	5.76737637756703	10.8589536600495	171	2.18860324102555e-34
PD30987_27	7.91376476931582	5.76737637756703	10.8589536600495	171	2.18860324102555e-34
PD30987_28	7.91376476931582	5.76737637756703	10.8589536600495	171	2.18860324102555e-34
PD30987_29	7.91376476931582	5.76737637756703	10.8589536600495	171	2.18860324102555e-34
PD30987_30	7.91376476931582	5.76737637756703	10.8589536600495	171	2.18860324102555e-34
PD30987_31	7.91376476931582	5.76737637756703	10.8589536600495	171	2.18860324102555e-34
PD30987_32	7.91376476931582	5.76737637756703	10.8589536600495	171	2.18860324102555e-34
PD30987_33	7.91376476931582	5.76737637756703	10.8589536600495	171	2.18860324102555e-34
PD30987_34	7.91376476931582	5.76737637756703	10.8589536600495	171	2.18860324102555e-34
PD30987_35	7.91376476931582	5.76737637756703	10.8589536600495	171	2.18860324102555e-34
PD30987_36	7.91376476931582	5.76737637756703	10.8589536600495	171	2.18860324102555e-34
PD30987_37	7.91376476931582	5.76737637756703	10.8589536600495	171	2.18860324102555e-34
PD30987_38	7.91376476931582	5.76737637756703	10.8589536600495	171	2.18860324102555e-34
PD30987_39	7.91376476931582	5.76737637756703	10.8589536600495	171	2.18860324102555e-34
PD30987_40	7.91376476931582	5.76737637756703	10.8589536600495	171	2.18860324102555e-34
PD30987_41	7.91376476931582	5.76737637756703	10.8589536600495	171	2.18860324102555e-34
PD30987_42	7.91376476931582	5.76737637756703	10.8589536600495	171	2.18860324102555e-34
PD30987_43	7.91376476931582	5.76737637756703	10.8589536600495	171	2.18860324102555e-34
PD30987_44	7.91376476931582	5.76737637756703	10.8589536600495	171	2.18860324102555e-34
PD30987_45	7.91376476931582	5.76737637756703	10.8589536600495	171	2.18860324102555e-34
PD30987_46	7.91376476931582	5.76737637756703	10.8589536600495	171	2.18860324102555e-34
PD30987_47	7.91376476931582	5.76737637756703	10.8589536600495	171	2.18860324102555e-34
PD30987_48	7.91376476931582	5.76737637756703	10.8589536600495	171	2.18860324102555e-34
PD30987_49	7.91376476931582	5.76737637756703	10.8589536600495	171	2.18860324102555e-34
PD30987_50	7.91376476931582	5.76737637756703	10.8589536600495	171	2.18860324102555e-34
PD31182_4	5.87840360542026	4.34479995345733	7.95333026109076	171	3.95069094188864e-28
PD30986_5	5.03894442776468	3.74975178199374	6.77137112595767	177	7.47316474083611e-25
PD31182_5	6.21033118027368	4.60779298645655	8.37021400094168	177	1.91268814899375e-30
PD30273_5	4.98998610530593	3.71691727670285	6.69908945437552	178	9.94739163974021e-25
PD31182_6	6.30624483746111	4.69274691601955	8.47450856858422	181	1.76188521179159e-31
PD30986_6	5.35681515897776	4.00231364410292	7.16972011669659	183	2.99887686747664e-27
PD30986_7	5.42697887522535	4.05978448697717	7.25459684045239	185	7.50894421540005e-28
PD30273_6	5.01815423738562	3.7612772364937	6.69503213053927	186	7.22155379514934e-26
PD31182_7	6.40505293674925	4.78245130700449	8.57817476624894	186	1.18289394354726e-32
PD30986_8	5.42783053181246	4.06695289452597	7.2440829894366	187	3.87105355691235e-28
PD30273_7	4.98505539573709	3.74230900620247	6.64049314404023	188	6.26078285151746e-26
PD30986_10	5.51512750512565	4.1348404998672	7.35618009903172	188	9.85399323975326e-29
PD30986_11	5.51987686655325	4.13840143130112	7.36251451863871	188	9.27221960290376e-29
PD30986_9	5.49411935073663	4.11908793615217	7.32816291082539	188	1.29031370761074e-28
PD30273_8	5.01119960150587	3.76433651726238	6.67106177435895	189	3.45025148292142e-26
PD30986_12	5.4950173181558	4.12624417998935	7.31784499649027	190	6.58508800015633e-29
PD31182_8	6.36172526123389	4.76582461253878	8.49203476622737	190	4.04313941573516e-33
PD30273_10	5.16018608538681	3.88343380997352	6.85669480639384	192	2.2195775609841e-27
PD30273_11	5.14152264224317	3.86938670592888	6.83189794398003	192	2.85857039071852e-27
PD30273_9	5.15630381531079	3.88051210232933	6.851536172205	192	2.33937119935241e-27
PD30273_12	5.20927588363041	3.92271582050321	6.91779789143436	193	8.96055521345184e-28
PD30986_13	5.66160713498854	4.25863233629546	7.52678156265455	193	3.60945029851623e-30
PD31182_9	6.45916701030696	4.85161441544436	8.59937226961524	194	3.40124676779556e-34
PD30273_13	5.30435929528444	3.99896659828007	7.03587460459703	195	1.52243390777182e-28
PD30273_14	5.31782234229452	4.00911780713579	7.05372997866833	195	1.26873899091915e-28
PD30273_15	5.32416847364732	4.01390301928552	7.06214619525756	195	1.16433282908785e-28
PD30273_16	5.32932162186583	4.01778862664468	7.06898037416302	195	1.08595004361647e-28
PD30986_14	5.792919633445	4.36219039035884	7.69290537013722	195	4.01746703848678e-31
PD30986_15	5.84610061729493	4.40459541790172	7.75937156194415	196	1.57613988314417e-31
PD30986_16	5.88985052515884	4.43989667232069	7.81332129303395	197	6.98741195578735e-32
PD30986_17	5.88985052515884	4.43989667232069	7.81332129303395	197	6.98741195578735e-32
PD30986_18	5.8875345085333	4.43815074054019	7.81024904641961	197	7.19928437642989e-32
PD30986_19	5.88650782143087	4.43737672681886	7.80888720183285	197	7.29529869951176e-32
PD31182_10	6.32999875147081	4.76702057472499	8.40543554732477	197	4.36555891047155e-34
PD30986_20	5.88608836884253	4.43935850204481	7.80428890117006	198	5.72836101397636e-32
PD30986_21	5.88608836884253	4.43935850204481	7.80428890117006	198	5.72836101397636e-32
PD30986_22	5.88608836884253	4.43935850204481	7.80428890117006	198	5.72836101397636e-32
PD30986_23	5.88608836884253	4.43935850204481	7.80428890117006	198	5.72836101397636e-32
PD30273_17	5.50853634453517	4.16211431966284	7.2905187913058	199	3.63884293684235e-30
PD30273_18	5.51898199735213	4.17000784609327	7.30434172099532	199	3.15962961087559e-30
PD30273_19	5.52245057117975	4.17262903984556	7.30893161598961	199	3.01494889613576e-30
PD30273_20	5.53195950495175	4.17981455010832	7.32151524847746	199	2.65168281043578e-30
PD30273_21	5.53195950495175	4.17981455010832	7.32151524847746	199	2.65168281043578e-30
PD30273_22	5.53195950495175	4.17981455010832	7.32151524847746	199	2.65168281043578e-30
PD30273_23	5.53195950495175	4.17981455010832	7.32151524847746	199	2.65168281043578e-30
PD30986_24	5.93959629349506	4.48200465000104	7.87121096130324	199	2.24033791410715e-32
PD30986_25	5.94012722716571	4.48240542819457	7.87191431925595	199	2.22497445394707e-32
PD30986_26	5.94012722716571	4.48240542819457	7.87191431925595	199	2.22497445394707e-32
PD30986_27	5.92806901408787	4.47330502687574	7.85593694698988	199	2.60102174309234e-32
PD30986_28	5.92806901408787	4.47330502687574	7.85593694698988	199	2.60102174309234e-32
PD31182_11	6.40630176006612	4.82926609932856	8.49833109149491	199	1.01902451782899e-34
PD31182_12	6.42929791077022	4.84660338547496	8.52883315133974	199	7.66577027099377e-35
PD30273_24	5.57761896472273	4.21655826965755	7.37801574793872	200	1.12199635342219e-30
PD30273_25	5.57761896472273	4.21655826965755	7.37801574793872	200	1.12199635342219e-30
PD30273_26	5.57761896472273	4.21655826965755	7.37801574793872	200	1.12199635342219e-30
PD30273_27	5.57761896472273	4.21655826965755	7.37801574793872	200	1.12199635342219e-30
PD30273_28	5.57761896472273	4.21655826965755	7.37801574793872	200	1.12199635342219e-30
PD30273_29	5.58060041529893	4.21881275710563	7.38195857182359	200	1.07771359842407e-30
PD30273_30	5.58060041529893	4.21881275710563	7.38195857182359	200	1.07771359842407e-30
PD30273_31	5.58060041529893	4.21881275710563	7.38195857182359	200	1.07771359842407e-30
PD30986_29	5.96361235910772	4.50238907976974	7.89906685974843	200	1.28448181699375e-32
PD30986_30	5.96361235910772	4.50238907976974	7.89906685974843	200	1.28448181699375e-32
PD30986_31	5.96361235910772	4.50238907976974	7.89906685974843	200	1.28448181699375e-32
PD30986_32	5.97425288876597	4.51042333380899	7.91315912885439	200	1.1190610563571e-32
PD30986_33	5.97425288876597	4.51042333380899	7.91315912885439	200	1.1190610563571e-32
PD30986_34	5.97425288876597	4.51042333380899	7.91315912885439	200	1.1190610563571e-32
PD30986_35	5.97425288876597	4.51042333380899	7.91315912885439	200	1.1190610563571e-32
PD30986_36	5.97425288876597	4.51042333380899	7.91315912885439	200	1.1190610563571e-32
PD30986_37	5.97425288876597	4.51042333380899	7.91315912885439	200	1.1190610563571e-32
PD30986_38	5.97425288876597	4.51042333380899	7.91315912885439	200	1.1190610563571e-32
PD30986_39	5.97425288876597	4.51042333380899	7.91315912885439	200	1.1190610563571e-32
PD30986_40	5.97425288876597	4.51042333380899	7.91315912885439	200	1.1190610563571e-32
PD30986_41	5.97425288876597	4.51042333380899	7.91315912885439	200	1.1190610563571e-32
PD30986_42	5.97425288876597	4.51042333380899	7.91315912885439	200	1.1190610563571e-32
PD30986_43	5.97425288876597	4.51042333380899	7.91315912885439	200	1.1190610563571e-32
PD30986_44	5.97425288876597	4.51042333380899	7.91315912885439	200	1.1190610563571e-32
PD30986_45	5.97841846290625	4.5135687441127	7.91867574061831	200	1.06028119861084e-32
PD30986_46	5.97841846290625	4.5135687441127	7.91867574061831	200	1.06028119861084e-32
PD30986_47	5.97841846290625	4.5135687441127	7.91867574061831	200	1.06028119861084e-32
PD30986_48	5.97841846290625	4.5135687441127	7.91867574061831	200	1.06028119861084e-32
PD30986_49	5.97841846290625	4.5135687441127	7.91867574061831	200	1.06028119861084e-32
PD30986_50	5.97841846290625	4.5135687441127	7.91867574061831	200	1.06028119861084e-32
PD31182_13	6.4878273299705	4.89309549454933	8.60230574089561	200	2.88194426551209e-35
PD30273_32	5.62898959076379	4.25762545369517	7.44206463380366	201	4.39641390512313e-31
PD30273_33	5.62155228765218	4.25199970765191	7.43223243076351	201	4.86032510885664e-31
PD30273_34	5.62155228765218	4.25199970765191	7.43223243076351	201	4.86032510885664e-31
PD30273_35	5.62155228765218	4.25199970765191	7.43223243076351	201	4.86032510885664e-31
PD30273_36	5.62155228765218	4.25199970765191	7.43223243076351	201	4.86032510885664e-31
PD30273_37	5.62155228765218	4.25199970765191	7.43223243076351	201	4.86032510885664e-31
PD30273_38	5.62155228765218	4.25199970765191	7.43223243076351	201	4.86032510885664e-31
PD30273_39	5.62155228765218	4.25199970765191	7.43223243076351	201	4.86032510885664e-31
PD30273_40	5.62155228765218	4.25199970765191	7.43223243076351	201	4.86032510885664e-31
PD30273_41	5.62155228765218	4.25199970765191	7.43223243076351	201	4.86032510885664e-31
PD30273_42	5.62155228765218	4.25199970765191	7.43223243076351	201	4.86032510885664e-31
PD30273_43	5.62155228765218	4.25199970765191	7.43223243076351	201	4.86032510885664e-31
PD30273_44	5.62155228765218	4.25199970765191	7.43223243076351	201	4.86032510885664e-31
PD30273_45	5.62155228765218	4.25199970765191	7.43223243076351	201	4.86032510885664e-31
PD30273_46	5.62155228765218	4.25199970765191	7.43223243076351	201	4.86032510885664e-31
PD30273_47	5.62155228765218	4.25199970765191	7.43223243076351	201	4.86032510885664e-31
PD30273_48	5.62155228765218	4.25199970765191	7.43223243076351	201	4.86032510885664e-31
PD30273_49	5.63029812215955	4.25861561635046	7.44379389928592	201	4.31935480174493e-31
PD30273_50	5.61594479454313	4.24775794989936	7.42481947119969	201	5.24247792201315e-31
PD31182_14	6.54941255170796	4.94190185502265	8.67981721022526	201	1.04446167509708e-35
PD31182_15	6.56277252599077	4.95198463956643	8.6975195528212	201	8.85770905939861e-36
PD31182_16	6.64325476677759	5.01739225637352	8.79597042472648	203	1.975435440438e-36
PD30988_2	5.28212330327259	4.00136579959983	6.97282577707983	204	2.57677963546614e-29
PD31182_17	6.68034068616554	5.04770404093392	8.84103967295631	204	9.71197294053206e-37
PD31182_18	6.68448112328572	5.05083341867313	8.84651782859655	204	9.22815719030772e-37
PD31182_19	6.77849814065594	5.12418313379433	8.96689986348179	205	2.25339080185245e-37
PD31182_20	6.77849814065594	5.12418313379433	8.96689986348179	205	2.25339080185245e-37
PD31182_21	6.8337868193178	5.16826920699337	9.03603129432372	206	8.87503979645211e-38
PD31182_22	6.84183989114703	5.17436107180052	9.04667696098798	206	8.03987265284926e-38
PD31182_23	6.88495055149783	5.20923926834076	9.09970566809246	207	3.68074622831176e-38
PD31182_24	6.89546106077958	5.21719305334347	9.11359475384112	207	3.23586665063556e-38
PD31182_25	6.97387344960851	5.28103177731487	9.20935774332395	209	7.48601736333893e-39
PD31182_26	7.0146789391376	5.31415573509289	9.25936744650568	210	3.53562301173261e-39
PD31182_27	7.0146789391376	5.31415573509289	9.25936744650568	210	3.53562301173261e-39
PD31182_28	7.0146789391376	5.31415573509289	9.25936744650568	210	3.53562301173261e-39
PD31182_29	7.0146789391376	5.31415573509289	9.25936744650568	210	3.53562301173261e-39
PD31182_30	7.0146789391376	5.31415573509289	9.25936744650568	210	3.53562301173261e-39
PD31182_31	7.0146789391376	5.31415573509289	9.25936744650568	210	3.53562301173261e-39
PD31182_32	7.0146789391376	5.31415573509289	9.25936744650568	210	3.53562301173261e-39
PD31182_33	7.0146789391376	5.31415573509289	9.25936744650568	210	3.53562301173261e-39
PD31182_34	7.0146789391376	5.31415573509289	9.25936744650568	210	3.53562301173261e-39
PD31182_35	7.0146789391376	5.31415573509289	9.25936744650568	210	3.53562301173261e-39
PD31182_36	7.0146789391376	5.31415573509289	9.25936744650568	210	3.53562301173261e-39
PD31182_37	7.0146789391376	5.31415573509289	9.25936744650568	210	3.53562301173261e-39
PD31182_38	7.0146789391376	5.31415573509289	9.25936744650568	210	3.53562301173261e-39
PD31182_39	6.99248528408681	5.29734012806421	9.23007571085266	210	4.64108851043241e-39
PD31182_40	6.99248528408681	5.29734012806421	9.23007571085266	210	4.64108851043241e-39
PD31182_41	6.99248528408681	5.29734012806421	9.23007571085266	210	4.64108851043241e-39
PD31182_42	6.99248528408681	5.29734012806421	9.23007571085266	210	4.64108851043241e-39
PD31182_43	6.99248528408681	5.29734012806421	9.23007571085266	210	4.64108851043241e-39
PD31182_44	6.99248528408681	5.29734012806421	9.23007571085266	210	4.64108851043241e-39
PD31182_45	7.00864889182855	5.30958730549108	9.25140815334731	210	3.80653652660408e-39
PD31182_46	7.00864889182855	5.30958730549108	9.25140815334731	210	3.80653652660408e-39
PD31182_47	7.00864889182855	5.30958730549108	9.25140815334731	210	3.80653652660408e-39
PD31182_48	7.00864889182855	5.30958730549108	9.25140815334731	210	3.80653652660408e-39
PD31182_49	7.00864889182855	5.30958730549108	9.25140815334731	210	3.80653652660408e-39
PD31182_50	7.00864889182855	5.30958730549108	9.25140815334731	210	3.80653652660408e-39
PD30988_3	5.64862630847713	4.34539028725508	7.34271884999658	231	5.36631631754038e-35
PD30988_4	5.85555511812028	4.53099300843502	7.56733141664839	242	6.74504305987736e-38
PD30988_5	6.22627674814387	4.83114018254733	8.02430082333824	250	3.43214034347078e-41
PD30988_6	6.49177470976477	5.04517573247023	8.35315579021609	255	1.83105210253373e-43
PD30988_7	6.62987450967548	5.15565916259856	8.52562875624431	257	1.39704183362535e-44
PD30988_8	6.45300099535606	5.03132264153366	8.27639664813329	261	2.93399488935492e-44
PD30988_9	6.48427323451859	5.06253137933048	8.30529160798105	264	6.31218553248965e-45
PD30988_10	6.51273566589518	5.08624776827661	8.3392960363382	265	3.18804612670285e-45
PD30988_11	6.51701327259698	5.08958919338151	8.34477211843247	265	2.97787417899523e-45
PD30988_12	6.51809459239073	5.09043433313844	8.34615561952636	265	2.92677271173473e-45
PD30988_13	6.51682395193769	5.08944191455493	8.34452875846656	265	2.98659421831162e-45
PD30988_14	6.54958472275119	5.11651462538835	8.38403936688441	266	1.40945257590341e-45
PD30988_15	6.63524524026155	5.18639929074011	8.4888333755982	268	2.28351310284403e-46
PD30988_16	6.64308284583282	5.19252659726252	8.49885867120329	268	2.01601819762561e-46
PD30988_17	6.63406680905846	5.18547865727098	8.48732495800362	268	2.3264742350846e-46
PD30988_18	6.63406680905846	5.18547865727098	8.48732495800362	268	2.3264742350846e-46
PD30988_19	6.63383216393864	5.1852955302561	8.48702430218733	268	2.33505708609317e-46
PD30988_20	6.63716589261922	5.18790195906439	8.49128827679167	268	2.21443980564209e-46
PD30988_21	6.62774478588344	5.18053748872708	8.47923618782623	268	2.57207933030003e-46
PD30988_22	6.58393492099749	5.14628894290027	8.42319572897917	268	5.1690767401506e-46
PD30988_23	6.58393492099749	5.14628894290027	8.42319572897917	268	5.1690767401506e-46
PD30988_24	6.58393492099749	5.14628894290027	8.42319572897917	268	5.1690767401506e-46
PD30988_25	6.58393492099749	5.14628894290027	8.42319572897917	268	5.1690767401506e-46
PD30988_26	6.58393492099749	5.14628894290027	8.42319572897917	268	5.1690767401506e-46
PD30988_27	6.58393492099749	5.14628894290027	8.42319572897917	268	5.1690767401506e-46
PD30988_28	6.58393492099749	5.14628894290027	8.42319572897917	268	5.1690767401506e-46
PD30988_29	6.58393492099749	5.14628894290027	8.42319572897917	268	5.1690767401506e-46
PD30988_30	6.58393492099749	5.14628894290027	8.42319572897917	268	5.1690767401506e-46
PD30988_31	6.58393492099749	5.14628894290027	8.42319572897917	268	5.1690767401506e-46
PD30988_32	6.58393492099749	5.14628894290027	8.42319572897917	268	5.1690767401506e-46
PD30988_33	6.59494041788545	5.15489226429763	8.4372741243672	268	4.33698608283419e-46
PD30988_34	6.59933444883648	5.1583276298179	8.44289434347877	268	4.04337223453359e-46
PD30988_35	6.61133280089038	5.16770681363437	8.45824327510341	268	3.34011159149459e-46
PD30988_36	6.61133280089038	5.16770681363437	8.45824327510341	268	3.34011159149459e-46
PD30988_37	6.61133280089038	5.16770681363437	8.45824327510341	268	3.34011159149459e-46
PD30988_38	6.61133280089038	5.16770681363437	8.45824327510341	268	3.34011159149459e-46
PD30988_39	6.61541234191376	5.17089624274372	8.46346134192079	268	3.12992761172608e-46
PD30988_40	6.61541234191376	5.17089624274372	8.46346134192079	268	3.12992761172608e-46
PD30988_41	6.61541234191376	5.17089624274372	8.46346134192079	268	3.12992761172608e-46
PD30988_42	6.61541234191376	5.17089624274372	8.46346134192079	268	3.12992761172608e-46
PD30988_43	6.61541234191376	5.17089624274372	8.46346134192079	268	3.12992761172608e-46
PD30988_44	6.61541234191376	5.17089624274372	8.46346134192079	268	3.12992761172608e-46
PD30988_45	6.61541234191376	5.17089624274372	8.46346134192079	268	3.12992761172608e-46
PD30988_46	6.61541234191376	5.17089624274372	8.46346134192079	268	3.12992761172608e-46
PD30988_47	6.61541234191376	5.17089624274372	8.46346134192079	268	3.12992761172608e-46
PD30988_48	6.61541234191376	5.17089624274372	8.46346134192079	268	3.12992761172608e-46
PD30988_49	6.61541234191376	5.17089624274372	8.46346134192079	268	3.12992761172608e-46
PD30988_50	6.61541234191376	5.17089624274372	8.46346134192079	268	3.12992761172608e-46
