ID	ensembleID	na	ns	Na	Ns	cNa	cNs	dnds	Pvalue	PvalueAdj	Gene_Name	
PD30272_10	ENST00000277541	34	2	16916	5288	18041.54104	7540.024054	5.06982484233878	0.00164548908106137	0.100374833944743	NOTCH1
PD30272_11	ENST00000277541	34	2	16916	5288	18041.54104	7540.024054	5.06982484233878	0.00164548908106137	0.100374833944743	NOTCH1
PD30272_12	ENST00000277541	34	2	16916	5288	18041.54104	7540.024054	5.06982484233878	0.00164548908106137	0.100374833944743	NOTCH1
PD30272_13	ENST00000277541	34	2	16916	5288	18041.54104	7540.024054	5.06982484233878	0.00164548908106137	0.100374833944743	NOTCH1
PD30272_14	ENST00000277541	34	2	16916	5288	18041.54104	7540.024054	5.06982484233878	0.00164548908106137	0.100374833944743	NOTCH1
PD30272_15	ENST00000277541	34	2	16916	5288	18041.54104	7540.024054	5.06982484233878	0.00164548908106137	0.100374833944743	NOTCH1
PD30272_16	ENST00000277541	34	2	16916	5288	18041.54104	7540.024054	5.06982484233878	0.00164548908106137	0.100374833944743	NOTCH1
PD30272_17	ENST00000277541	34	2	16916	5288	18041.54104	7540.024054	5.06982484233878	0.00164548908106137	0.100374833944743	NOTCH1
PD30272_18	ENST00000277541	34	2	16916	5288	18041.54104	7540.024054	5.06982484233878	0.00164548908106137	0.100374833944743	NOTCH1
PD30272_19	ENST00000277541	34	2	16916	5288	18041.54104	7540.024054	5.06982484233878	0.00164548908106137	0.100374833944743	NOTCH1
PD30272_1	ENST00000277541	8	1	16916	5288	15221.42747	6551.407698	2.22162767543641	0.214461986737551	0.702148891938302	NOTCH1
PD30272_20	ENST00000277541	34	2	16916	5288	18041.54104	7540.024054	5.06982484233878	0.00164548908106137	0.100374833944743	NOTCH1
PD30272_21	ENST00000277541	34	2	16916	5288	18041.54104	7540.024054	5.06982484233878	0.00164548908106137	0.100374833944743	NOTCH1
PD30272_22	ENST00000277541	34	2	16916	5288	18041.54104	7540.024054	5.06982484233878	0.00164548908106137	0.100374833944743	NOTCH1
PD30272_23	ENST00000277541	34	2	16916	5288	18041.54104	7540.024054	5.06982484233878	0.00164548908106137	0.100374833944743	NOTCH1
PD30272_24	ENST00000277541	34	2	16916	5288	18041.54104	7540.024054	5.06982484233878	0.00164548908106137	0.100374833944743	NOTCH1
PD30272_25	ENST00000277541	34	2	16916	5288	18041.54104	7540.024054	5.06982484233878	0.00164548908106137	0.100374833944743	NOTCH1
PD30272_26	ENST00000277541	34	2	16916	5288	18041.54104	7540.024054	5.06982484233878	0.00164548908106137	0.100374833944743	NOTCH1
PD30272_27	ENST00000277541	34	2	16916	5288	18041.54104	7540.024054	5.06982484233878	0.00164548908106137	0.100374833944743	NOTCH1
PD30272_28	ENST00000277541	34	2	16916	5288	18041.54104	7540.024054	5.06982484233878	0.00164548908106137	0.100374833944743	NOTCH1
PD30272_29	ENST00000277541	34	2	16916	5288	18041.54104	7540.024054	5.06982484233878	0.00164548908106137	0.100374833944743	NOTCH1
PD30272_2	ENST00000277541	27	2	16916	5288	17490.68888	7494.149337	4.18951901565507	0.00663760364635173	0.404893822427455	NOTCH1
PD30272_30	ENST00000277541	34	2	16916	5288	18041.54104	7540.024054	5.06982484233878	0.00164548908106137	0.100374833944743	NOTCH1
PD30272_31	ENST00000277541	34	2	16916	5288	18041.54104	7540.024054	5.06982484233878	0.00164548908106137	0.100374833944743	NOTCH1
PD30272_32	ENST00000277541	34	2	16916	5288	18041.54104	7540.024054	5.06982484233878	0.00164548908106137	0.100374833944743	NOTCH1
PD30272_33	ENST00000277541	34	2	16916	5288	18041.54104	7540.024054	5.06982484233878	0.00164548908106137	0.100374833944743	NOTCH1
PD30272_34	ENST00000277541	34	2	16916	5288	18041.54104	7540.024054	5.06982484233878	0.00164548908106137	0.100374833944743	NOTCH1
PD30272_35	ENST00000277541	34	2	16916	5288	18041.54104	7540.024054	5.06982484233878	0.00164548908106137	0.100374833944743	NOTCH1
PD30272_36	ENST00000277541	34	2	16916	5288	18041.54104	7540.024054	5.06982484233878	0.00164548908106137	0.100374833944743	NOTCH1
PD30272_37	ENST00000277541	34	2	16916	5288	18041.54104	7540.024054	5.06982484233878	0.00164548908106137	0.100374833944743	NOTCH1
PD30272_38	ENST00000277541	34	2	16916	5288	18041.54104	7540.024054	5.06982484233878	0.00164548908106137	0.100374833944743	NOTCH1
PD30272_39	ENST00000277541	34	2	16916	5288	18041.54104	7540.024054	5.06982484233878	0.00164548908106137	0.100374833944743	NOTCH1
PD30272_3	ENST00000277541	31	2	16916	5288	17736.95212	7402.802165	4.64611615273391	0.00320478566292771	0.195491925438591	NOTCH1
PD30272_40	ENST00000277541	34	2	16916	5288	18041.54104	7540.024054	5.06982484233878	0.00164548908106137	0.100374833944743	NOTCH1
PD30272_41	ENST00000277541	34	2	16916	5288	18041.54104	7540.024054	5.06982484233878	0.00164548908106137	0.100374833944743	NOTCH1
PD30272_42	ENST00000277541	34	2	16916	5288	18041.54104	7540.024054	5.06982484233878	0.00164548908106137	0.100374833944743	NOTCH1
PD30272_43	ENST00000277541	34	2	16916	5288	18041.54104	7540.024054	5.06982484233878	0.00164548908106137	0.100374833944743	NOTCH1
PD30272_44	ENST00000277541	34	2	16916	5288	18041.54104	7540.024054	5.06982484233878	0.00164548908106137	0.100374833944743	NOTCH1
PD30272_45	ENST00000277541	34	2	16916	5288	18041.54104	7540.024054	5.06982484233878	0.00164548908106137	0.100374833944743	NOTCH1
PD30272_46	ENST00000277541	34	2	16916	5288	18041.54104	7540.024054	5.06982484233878	0.00164548908106137	0.100374833944743	NOTCH1
PD30272_47	ENST00000277541	34	2	16916	5288	18041.54104	7540.024054	5.06982484233878	0.00164548908106137	0.100374833944743	NOTCH1
PD30272_48	ENST00000277541	34	2	16916	5288	18041.54104	7540.024054	5.06982484233878	0.00164548908106137	0.100374833944743	NOTCH1
PD30272_49	ENST00000277541	34	2	16916	5288	18041.54104	7540.024054	5.06982484233878	0.00164548908106137	0.100374833944743	NOTCH1
PD30272_4	ENST00000277541	32	2	16916	5288	17717.49585	7392.930123	4.7841836103492	0.00257806469421969	0.157261946347401	NOTCH1
PD30272_50	ENST00000277541	34	2	16916	5288	18041.54104	7540.024054	5.06982484233878	0.00164548908106137	0.100374833944743	NOTCH1
PD30272_5	ENST00000277541	33	2	16916	5288	17833.02545	7446.167147	4.92637554294898	0.00206142062412447	0.125746658071593	NOTCH1
PD30272_6	ENST00000277541	33	2	16916	5288	17892.25149	7462.88738	4.92145133658637	0.0020767974573038	0.126684644895532	NOTCH1
PD30272_7	ENST00000277541	34	2	16916	5288	17983.35962	7523.710522	5.07486778802458	0.00163301479220737	0.0996139023246496	NOTCH1
PD30272_8	ENST00000277541	34	2	16916	5288	17983.35962	7523.710522	5.07486778802458	0.00163301479220737	0.0996139023246496	NOTCH1
PD30272_9	ENST00000277541	34	2	16916	5288	17983.35962	7523.710522	5.07486778802458	0.00163301479220737	0.0996139023246496	NOTCH1
PD30273_10	ENST00000277541	122	2	16916	5288	18077.16513	7262.061726	16.6701782645053	2.72535800473591e-11	1.82598986317306e-09	NOTCH1
PD30273_11	ENST00000277541	127	2	16916	5288	18194.47617	7243.641984	17.1872129279334	1.2333055065622e-11	8.26314689396675e-10	NOTCH1
PD30273_12	ENST00000277541	128	2	16916	5288	18209.09966	7233.324285	17.2821030101752	1.06610630706282e-11	7.14291225732091e-10	NOTCH1
PD30273_13	ENST00000277541	129	2	16916	5288	18239.17665	7214.986061	17.3431143435414	9.69816947732119e-12	6.4977735498052e-10	NOTCH1
PD30273_14	ENST00000277541	130	2	16916	5288	18218.89764	7199.274026	17.4566822477996	8.1513546680257e-12	5.46140762757722e-10	NOTCH1
PD30273_15	ENST00000277541	131	2	16916	5288	18225.62663	7202.876988	17.5906619761949	6.64408875016257e-12	4.45153946260892e-10	NOTCH1
PD30273_16	ENST00000277541	132	2	16916	5288	18214.41117	7200.543603	17.7274678774038	5.39267071132293e-12	3.61308937658637e-10	NOTCH1
PD30273_17	ENST00000277541	133	2	16916	5288	18193.02869	7244.095132	17.9859677383931	3.64446369036073e-12	2.44179067254169e-10	NOTCH1
PD30273_18	ENST00000277541	135	2	16916	5288	18271.67415	7236.279207	18.1550480619205	2.81029748733748e-12	1.88289931651611e-10	NOTCH1
PD30273_19	ENST00000277541	136	2	16916	5288	18268.86231	7241.828861	18.3035953084846	2.24123291814918e-12	1.50162605515995e-10	NOTCH1
PD30273_1	ENST00000277541	11	1	16916	5288	14799.03884	4764.490418	2.27070265051078	0.196017948314372	0.73767841404112	NOTCH1
PD30273_20	ENST00000277541	137	2	16916	5288	18247.48229	7233.302232	18.435600631273	1.83250142794285e-12	1.22777595672171e-10	NOTCH1
PD30273_21	ENST00000277541	137	2	16916	5288	18247.48229	7233.302232	18.435600631273	1.83250142794285e-12	1.22777595672171e-10	NOTCH1
PD30273_22	ENST00000277541	137	2	16916	5288	18247.48229	7233.302232	18.435600631273	1.83250142794285e-12	1.22777595672171e-10	NOTCH1
PD30273_23	ENST00000277541	137	2	16916	5288	18247.48229	7233.302232	18.435600631273	1.83250142794285e-12	1.22777595672171e-10	NOTCH1
PD30273_24	ENST00000277541	137	2	16916	5288	18234.56913	7242.112019	18.4704833354257	1.73877784018186e-12	1.16498115292185e-10	NOTCH1
PD30273_25	ENST00000277541	137	2	16916	5288	18234.56913	7242.112019	18.4704833354257	1.73877784018186e-12	1.16498115292185e-10	NOTCH1
PD30273_26	ENST00000277541	137	2	16916	5288	18234.56913	7242.112019	18.4704833354257	1.73877784018186e-12	1.16498115292185e-10	NOTCH1
PD30273_27	ENST00000277541	137	2	16916	5288	18234.56913	7242.112019	18.4704833354257	1.73877784018186e-12	1.16498115292185e-10	NOTCH1
PD30273_28	ENST00000277541	137	2	16916	5288	18234.56913	7242.112019	18.4704833354257	1.73877784018186e-12	1.16498115292185e-10	NOTCH1
PD30273_29	ENST00000277541	137	2	16916	5288	18257.96882	7249.130263	18.4647924571455	1.753734109124e-12	1.17500185311308e-10	NOTCH1
PD30273_2	ENST00000277541	67	2	16916	5288	17314.47811	6161.487326	8.28081805718371	1.04343109880746e-05	0.000699098836200999	NOTCH1
PD30273_30	ENST00000277541	137	2	16916	5288	18257.96882	7249.130263	18.4647924571455	1.753734109124e-12	1.17500185311308e-10	NOTCH1
PD30273_31	ENST00000277541	137	2	16916	5288	18257.96882	7249.130263	18.4647924571455	1.753734109124e-12	1.17500185311308e-10	NOTCH1
PD30273_32	ENST00000277541	137	2	16916	5288	18249.52063	7245.385883	18.4638162483979	1.75631259997901e-12	1.17672944198594e-10	NOTCH1
PD30273_33	ENST00000277541	139	2	16916	5288	18267.20855	7244.938805	18.7095490377118	1.20695793212856e-12	8.08661814526132e-11	NOTCH1
PD30273_34	ENST00000277541	139	2	16916	5288	18267.20855	7244.938805	18.7095490377118	1.20695793212856e-12	8.08661814526132e-11	NOTCH1
PD30273_35	ENST00000277541	139	2	16916	5288	18267.20855	7244.938805	18.7095490377118	1.20695793212856e-12	8.08661814526132e-11	NOTCH1
PD30273_36	ENST00000277541	139	2	16916	5288	18267.20855	7244.938805	18.7095490377118	1.20695793212856e-12	8.08661814526132e-11	NOTCH1
PD30273_37	ENST00000277541	139	2	16916	5288	18267.20855	7244.938805	18.7095490377118	1.20695793212856e-12	8.08661814526132e-11	NOTCH1
PD30273_38	ENST00000277541	139	2	16916	5288	18267.20855	7244.938805	18.7095490377118	1.20695793212856e-12	8.08661814526132e-11	NOTCH1
PD30273_39	ENST00000277541	139	2	16916	5288	18267.20855	7244.938805	18.7095490377118	1.20695793212856e-12	8.08661814526132e-11	NOTCH1
PD30273_3	ENST00000277541	79	2	16916	5288	17529.72232	6815.387642	10.5714803670661	3.10730757745606e-07	2.08189607689556e-05	NOTCH1
PD30273_40	ENST00000277541	139	2	16916	5288	18267.20855	7244.938805	18.7095490377118	1.20695793212856e-12	8.08661814526132e-11	NOTCH1
PD30273_41	ENST00000277541	139	2	16916	5288	18267.20855	7244.938805	18.7095490377118	1.20695793212856e-12	8.08661814526132e-11	NOTCH1
PD30273_42	ENST00000277541	139	2	16916	5288	18267.20855	7244.938805	18.7095490377118	1.20695793212856e-12	8.08661814526132e-11	NOTCH1
PD30273_43	ENST00000277541	139	2	16916	5288	18267.20855	7244.938805	18.7095490377118	1.20695793212856e-12	8.08661814526132e-11	NOTCH1
PD30273_44	ENST00000277541	139	2	16916	5288	18267.20855	7244.938805	18.7095490377118	1.20695793212856e-12	8.08661814526132e-11	NOTCH1
PD30273_45	ENST00000277541	139	2	16916	5288	18267.20855	7244.938805	18.7095490377118	1.20695793212856e-12	8.08661814526132e-11	NOTCH1
PD30273_46	ENST00000277541	139	2	16916	5288	18267.20855	7244.938805	18.7095490377118	1.20695793212856e-12	8.08661814526132e-11	NOTCH1
PD30273_47	ENST00000277541	139	2	16916	5288	18267.20855	7244.938805	18.7095490377118	1.20695793212856e-12	8.08661814526132e-11	NOTCH1
PD30273_48	ENST00000277541	139	2	16916	5288	18267.20855	7244.938805	18.7095490377118	1.20695793212856e-12	8.08661814526132e-11	NOTCH1
PD30273_49	ENST00000277541	140	2	16916	5288	18256.30039	7236.388603	18.8309548444059	1.00277995902881e-12	6.71862572549301e-11	NOTCH1
PD30273_4	ENST00000277541	91	2	16916	5288	17784.23931	6969.725626	12.2211069383846	2.4606613276664e-08	1.64864308953649e-06	NOTCH1
PD30273_50	ENST00000277541	141	2	16916	5288	18250.95047	7230.825866	18.9542164627148	8.30835778806108e-13	5.56659971800092e-11	NOTCH1
PD30273_5	ENST00000277541	99	2	16916	5288	17759.51561	7207.21506	13.7254833335326	2.4760965399387e-09	1.65898468175893e-07	NOTCH1
PD30273_6	ENST00000277541	106	2	16916	5288	17832.84498	7295.694391	14.7887498473243	4.87226540286547e-10	3.26441781991987e-08	NOTCH1
PD30273_7	ENST00000277541	112	2	16916	5288	17920.64907	7269.599459	15.477783667836	1.69242848798487e-10	1.13392708694986e-08	NOTCH1
PD30273_8	ENST00000277541	115	2	16916	5288	17958.14942	7264.943392	15.8410279281438	9.7015390952929e-11	6.50003119384624e-09	NOTCH1
PD30273_9	ENST00000277541	119	2	16916	5288	18109.20525	7266.851741	16.2507511187623	5.17085767634186e-11	3.46447464314905e-09	NOTCH1
PD30274_10	ENST00000277541	73	2	16916	5288	18298.33955	9283.347383	12.6784308599374	1.34897564689905e-08	8.49854657546404e-07	NOTCH1
PD30274_11	ENST00000277541	75	2	16916	5288	18324.56093	9287.498997	13.0041676202752	8.18120346124029e-09	5.15415818058138e-07	NOTCH1
PD30274_12	ENST00000277541	78	2	16916	5288	18479.35689	9262.621836	13.3656141193775	4.67750761004795e-09	2.94682979433021e-07	NOTCH1
PD30274_13	ENST00000277541	83	2	16916	5288	18705.40512	9216.32469	13.9649537903192	1.85318053951137e-09	1.16750373989217e-07	NOTCH1
PD30274_14	ENST00000277541	84	2	16916	5288	18733.17381	9215.990541	14.1082407657435	1.4870466527843e-09	9.36839391254108e-08	NOTCH1
PD30274_15	ENST00000277541	86	2	16916	5288	18830.02482	9206.821612	14.3497187992908	1.02466881471637e-09	6.45541353271312e-08	NOTCH1
PD30274_16	ENST00000277541	87	2	16916	5288	18937.79911	9216.05773	14.4461493272928	8.82237987391188e-10	5.55809932056448e-08	NOTCH1
PD30274_17	ENST00000277541	87	2	16916	5288	18937.79911	9216.05773	14.4461493272928	8.82237987391188e-10	5.55809932056448e-08	NOTCH1
PD30274_18	ENST00000277541	87	2	16916	5288	18937.79911	9216.05773	14.4461493272928	8.82237987391188e-10	5.55809932056448e-08	NOTCH1
PD30274_19	ENST00000277541	87	2	16916	5288	18937.79911	9216.05773	14.4461493272928	8.82237987391188e-10	5.55809932056448e-08	NOTCH1
PD30274_1	ENST00000277541	8	0	16916	5288	16334.82817	7239.225186	4.54541846937592	0.0597101038868333	0.674570892951165	NOTCH1
PD30274_20	ENST00000277541	87	2	16916	5288	18937.79911	9216.05773	14.4461493272928	8.82237987391188e-10	5.55809932056448e-08	NOTCH1
PD30274_21	ENST00000277541	88	2	16916	5288	18980.23366	9221.070078	14.5841970019948	7.13672248953185e-10	4.49613516840506e-08	NOTCH1
PD30274_22	ENST00000277541	89	2	16916	5288	19010.56214	9214.342195	14.7126460774049	5.85716576934897e-10	3.69001443468985e-08	NOTCH1
PD30274_23	ENST00000277541	89	2	16916	5288	19050.46771	9194.440808	14.6515335365835	6.41959371496378e-10	4.04434404042718e-08	NOTCH1
PD30274_24	ENST00000277541	89	2	16916	5288	19050.46771	9194.440808	14.6515335365835	6.41959371496378e-10	4.04434404042718e-08	NOTCH1
PD30274_25	ENST00000277541	90	2	16916	5288	19100.32748	9202.343744	14.7870285701859	5.21349059789022e-10	3.28449907667084e-08	NOTCH1
PD30274_26	ENST00000277541	91	2	16916	5288	19149.9728	9210.212688	14.9222026990381	4.23623088967941e-10	2.66882546049803e-08	NOTCH1
PD30274_27	ENST00000277541	91	2	16916	5288	19149.9728	9210.212688	14.9222026990381	4.23623088967941e-10	2.66882546049803e-08	NOTCH1
PD30274_28	ENST00000277541	91	2	16916	5288	19179.783	9195.79957	14.8767332051324	4.53535707330577e-10	2.85727495618263e-08	NOTCH1
PD30274_29	ENST00000277541	92	2	16916	5288	19216.7602	9177.518846	14.9790857051266	3.87146570066494e-10	2.43902339141891e-08	NOTCH1
PD30274_2	ENST00000277541	33	0	16916	5288	17656.03807	9277.141686	18.3394322341309	3.12631886571756e-05	0.00181326494211618	NOTCH1
PD30274_30	ENST00000277541	92	2	16916	5288	19216.7602	9177.518846	14.9790857051266	3.87146570066494e-10	2.43902339141891e-08	NOTCH1
PD30274_31	ENST00000277541	93	2	16916	5288	19246.30029	9163.237181	15.0925519016206	3.25025756715381e-10	2.0476622673069e-08	NOTCH1
PD30274_32	ENST00000277541	93	2	16916	5288	19246.30029	9163.237181	15.0925519016206	3.25025756715381e-10	2.0476622673069e-08	NOTCH1
PD30274_33	ENST00000277541	93	2	16916	5288	19246.30029	9163.237181	15.0925519016206	3.25025756715381e-10	2.0476622673069e-08	NOTCH1
PD30274_34	ENST00000277541	93	2	16916	5288	19246.30029	9163.237181	15.0925519016206	3.25025756715381e-10	2.0476622673069e-08	NOTCH1
PD30274_35	ENST00000277541	93	2	16916	5288	19246.30029	9163.237181	15.0925519016206	3.25025756715381e-10	2.0476622673069e-08	NOTCH1
PD30274_36	ENST00000277541	93	2	16916	5288	19246.30029	9163.237181	15.0925519016206	3.25025756715381e-10	2.0476622673069e-08	NOTCH1
PD30274_37	ENST00000277541	93	2	16916	5288	19246.30029	9163.237181	15.0925519016206	3.25025756715381e-10	2.0476622673069e-08	NOTCH1
PD30274_38	ENST00000277541	93	2	16916	5288	19246.30029	9163.237181	15.0925519016206	3.25025756715381e-10	2.0476622673069e-08	NOTCH1
PD30274_39	ENST00000277541	93	2	16916	5288	19246.30029	9163.237181	15.0925519016206	3.25025756715381e-10	2.0476622673069e-08	NOTCH1
PD30274_3	ENST00000277541	44	1	16916	5288	18223.64195	9385.972971	11.8309625994929	6.80986229028269e-06	0.000415401599707244	NOTCH1
PD30274_40	ENST00000277541	93	2	16916	5288	19264.21254	9187.622248	15.1180689718449	3.12813847387341e-10	1.97072723854025e-08	NOTCH1
PD30274_41	ENST00000277541	93	2	16916	5288	19264.21254	9187.622248	15.1180689718449	3.12813847387341e-10	1.97072723854025e-08	NOTCH1
PD30274_42	ENST00000277541	94	2	16916	5288	19256.69434	9177.130564	15.2658075123535	2.4946482927133e-10	1.57162842440938e-08	NOTCH1
PD30274_43	ENST00000277541	94	2	16916	5288	19256.69434	9177.130564	15.2658075123535	2.4946482927133e-10	1.57162842440938e-08	NOTCH1
PD30274_44	ENST00000277541	94	2	16916	5288	19253.95033	9226.99292	15.3490802253462	2.20158832952447e-10	1.38700064760041e-08	NOTCH1
PD30274_45	ENST00000277541	94	2	16916	5288	19253.95033	9226.99292	15.3490802253462	2.20158832952447e-10	1.38700064760041e-08	NOTCH1
PD30274_46	ENST00000277541	94	2	16916	5288	19253.95033	9226.99292	15.3490802253462	2.20158832952447e-10	1.38700064760041e-08	NOTCH1
PD30274_47	ENST00000277541	94	2	16916	5288	19253.95033	9226.99292	15.3490802253462	2.20158832952447e-10	1.38700064760041e-08	NOTCH1
PD30274_48	ENST00000277541	94	2	16916	5288	19283.62892	9227.578738	15.3269220223099	2.27602580688112e-10	1.4338962583351e-08	NOTCH1
PD30274_49	ENST00000277541	94	2	16916	5288	19283.62892	9227.578738	15.3269220223099	2.27602580688112e-10	1.4338962583351e-08	NOTCH1
PD30274_4	ENST00000277541	52	1	16916	5288	18371.58888	9423.387023	13.83624784434	8.48815769183345e-07	5.17777619201841e-05	NOTCH1
PD30274_50	ENST00000277541	94	2	16916	5288	19283.62892	9227.578738	15.3269220223099	2.27602580688112e-10	1.4338962583351e-08	NOTCH1
PD30274_5	ENST00000277541	58	2	16916	5288	18444.55203	9313.334113	10.0954458833411	7.14548551806568e-07	4.35874616602006e-05	NOTCH1
PD30274_6	ENST00000277541	65	2	16916	5288	18507.89521	9326.249709	11.2513086839729	1.20436139110774e-07	7.46704062486798e-06	NOTCH1
PD30274_7	ENST00000277541	66	2	16916	5288	18402.11414	9375.909447	11.5423719396986	7.73552496682398e-08	4.79602547943087e-06	NOTCH1
PD30274_8	ENST00000277541	69	2	16916	5288	18383.39226	9345.80368	12.0261417987063	3.6750289999707e-08	2.27851797998184e-06	NOTCH1
PD30274_9	ENST00000277541	72	2	16916	5288	18230.8805	9286.087067	12.5579809365031	1.62569319033721e-08	1.02418670991244e-06	NOTCH1
PD30986_10	ENST00000277541	159	2	16916	5288	20905.9916	8017.974786	20.6601693805649	6.10414718758119e-14	4.02873714380358e-12	NOTCH1
PD30986_11	ENST00000277541	161	2	16916	5288	20939.19439	8030.584055	20.9155328960899	4.13776770100443e-14	2.73092668266292e-12	NOTCH1
PD30986_12	ENST00000277541	162	2	16916	5288	20914.83806	8037.797691	21.0861153567386	3.19378426771816e-14	2.10789761669399e-12	NOTCH1
PD30986_13	ENST00000277541	167	2	16916	5288	20953.37521	8080.720961	21.8013209799084	1.07678025121723e-14	7.1067496580337e-13	NOTCH1
PD30986_14	ENST00000277541	169	2	16916	5288	20923.18483	8112.172726	22.1744504454902	6.11535271720117e-15	4.03613279335277e-13	NOTCH1
PD30986_15	ENST00000277541	170	2	16916	5288	21001.00191	8098.716703	22.1859707362251	5.99748321610364e-15	3.9583389226284e-13	NOTCH1
PD30986_16	ENST00000277541	171	2	16916	5288	21031.06411	8085.676255	22.247752124718	5.45354418127753e-15	3.59933915964317e-13	NOTCH1
PD30986_17	ENST00000277541	171	2	16916	5288	21031.06411	8085.676255	22.247752124718	5.45354418127753e-15	3.59933915964317e-13	NOTCH1
PD30986_18	ENST00000277541	173	2	16916	5288	21071.74812	8111.499431	22.5319250776206	3.54124321468844e-15	2.33722052169437e-13	NOTCH1
PD30986_19	ENST00000277541	174	2	16916	5288	21099.16845	8117.668136	22.6481820442549	2.96676585399443e-15	1.95806546363633e-13	NOTCH1
PD30986_1	ENST00000277541	25	0	16916	5288	17766.51551	5769.004292	9.11780493585374	0.00438325998244277	0.241079299034352	NOTCH1
PD30986_20	ENST00000277541	175	2	16916	5288	21087.3964	8120.280172	22.7961827552436	2.36958903708416e-15	1.56392876447554e-13	NOTCH1
PD30986_21	ENST00000277541	175	2	16916	5288	21087.3964	8120.280172	22.7961827552436	2.36958903708416e-15	1.56392876447554e-13	NOTCH1
PD30986_22	ENST00000277541	175	2	16916	5288	21087.3964	8120.280172	22.7961827552436	2.36958903708416e-15	1.56392876447554e-13	NOTCH1
PD30986_23	ENST00000277541	175	2	16916	5288	21087.3964	8120.280172	22.7961827552436	2.36958903708416e-15	1.56392876447554e-13	NOTCH1
PD30986_24	ENST00000277541	177	2	16916	5288	21143.47265	8129.454404	23.0182450210073	1.6896150694215e-15	1.11514594581819e-13	NOTCH1
PD30986_25	ENST00000277541	178	2	16916	5288	21136.98048	8124.911645	23.1406634244413	1.40253178630318e-15	9.25670978960101e-14	NOTCH1
PD30986_26	ENST00000277541	178	2	16916	5288	21136.98048	8124.911645	23.1406634244413	1.40253178630318e-15	9.25670978960101e-14	NOTCH1
PD30986_27	ENST00000277541	180	2	16916	5288	21157.98231	8120.56194	23.3616972510835	1.00169112008554e-15	6.61116139256456e-14	NOTCH1
PD30986_28	ENST00000277541	180	2	16916	5288	21157.98231	8120.56194	23.3616972510835	1.00169112008554e-15	6.61116139256456e-14	NOTCH1
PD30986_29	ENST00000277541	180	2	16916	5288	21173.21762	8113.348014	23.3246844627041	1.05905852335828e-15	6.98978625416462e-14	NOTCH1
PD30986_2	ENST00000277541	75	2	16916	5288	19544.08509	6611.898597	8.79100552232604	4.66184636126161e-06	0.000303020013482005	NOTCH1
PD30986_30	ENST00000277541	180	2	16916	5288	21173.21762	8113.348014	23.3246844627041	1.05905852335828e-15	6.98978625416462e-14	NOTCH1
PD30986_31	ENST00000277541	180	2	16916	5288	21173.21762	8113.348014	23.3246844627041	1.05905852335828e-15	6.98978625416462e-14	NOTCH1
PD30986_32	ENST00000277541	181	2	16916	5288	21186.1486	8107.609571	23.4219616639997	9.13041191605596e-16	6.02607186459693e-14	NOTCH1
PD30986_33	ENST00000277541	181	2	16916	5288	21186.1486	8107.609571	23.4219616639997	9.13041191605596e-16	6.02607186459693e-14	NOTCH1
PD30986_34	ENST00000277541	181	2	16916	5288	21186.1486	8107.609571	23.4219616639997	9.13041191605596e-16	6.02607186459693e-14	NOTCH1
PD30986_35	ENST00000277541	181	2	16916	5288	21186.1486	8107.609571	23.4219616639997	9.13041191605596e-16	6.02607186459693e-14	NOTCH1
PD30986_36	ENST00000277541	181	2	16916	5288	21186.1486	8107.609571	23.4219616639997	9.13041191605596e-16	6.02607186459693e-14	NOTCH1
PD30986_37	ENST00000277541	181	2	16916	5288	21186.1486	8107.609571	23.4219616639997	9.13041191605596e-16	6.02607186459693e-14	NOTCH1
PD30986_38	ENST00000277541	181	2	16916	5288	21186.1486	8107.609571	23.4219616639997	9.13041191605596e-16	6.02607186459693e-14	NOTCH1
PD30986_39	ENST00000277541	181	2	16916	5288	21186.1486	8107.609571	23.4219616639997	9.13041191605596e-16	6.02607186459693e-14	NOTCH1
PD30986_3	ENST00000277541	105	2	16916	5288	20021.42202	7585.727198	13.5941522534272	2.95651356376068e-09	1.92173381644444e-07	NOTCH1
PD30986_40	ENST00000277541	181	2	16916	5288	21186.1486	8107.609571	23.4219616639997	9.13041191605596e-16	6.02607186459693e-14	NOTCH1
PD30986_41	ENST00000277541	181	2	16916	5288	21186.1486	8107.609571	23.4219616639997	9.13041191605596e-16	6.02607186459693e-14	NOTCH1
PD30986_42	ENST00000277541	181	2	16916	5288	21186.1486	8107.609571	23.4219616639997	9.13041191605596e-16	6.02607186459693e-14	NOTCH1
PD30986_43	ENST00000277541	181	2	16916	5288	21186.1486	8107.609571	23.4219616639997	9.13041191605596e-16	6.02607186459693e-14	NOTCH1
PD30986_44	ENST00000277541	181	2	16916	5288	21186.1486	8107.609571	23.4219616639997	9.13041191605596e-16	6.02607186459693e-14	NOTCH1
PD30986_45	ENST00000277541	182	2	16916	5288	21208.85278	8145.040585	23.6317393000453	6.64589870526985e-16	4.3862931454781e-14	NOTCH1
PD30986_46	ENST00000277541	182	2	16916	5288	21208.85278	8145.040585	23.6317393000453	6.64589870526985e-16	4.3862931454781e-14	NOTCH1
PD30986_47	ENST00000277541	182	2	16916	5288	21208.85278	8145.040585	23.6317393000453	6.64589870526985e-16	4.3862931454781e-14	NOTCH1
PD30986_48	ENST00000277541	182	2	16916	5288	21208.85278	8145.040585	23.6317393000453	6.64589870526985e-16	4.3862931454781e-14	NOTCH1
PD30986_49	ENST00000277541	182	2	16916	5288	21208.85278	8145.040585	23.6317393000453	6.64589870526985e-16	4.3862931454781e-14	NOTCH1
PD30986_4	ENST00000277541	127	2	16916	5288	20403.4868	7764.332268	16.4428380093674	3.7835112291366e-11	2.49711741123015e-09	NOTCH1
PD30986_50	ENST00000277541	182	2	16916	5288	21208.85278	8145.040585	23.6317393000453	6.64589870526985e-16	4.3862931454781e-14	NOTCH1
PD30986_5	ENST00000277541	134	2	16916	5288	20633.43786	7930.030653	17.5000332423518	7.55422965695575e-12	4.9857915735908e-10	NOTCH1
PD30986_6	ENST00000277541	141	2	16916	5288	20677.2727	7958.100259	18.4223104242531	1.85031790309379e-12	1.2212098160419e-10	NOTCH1
PD30986_7	ENST00000277541	149	2	16916	5288	20710.46714	7967.238182	19.4399116815865	3.9209437219534e-13	2.58782285648924e-11	NOTCH1
PD30986_8	ENST00000277541	151	2	16916	5288	20725.36401	7948.138426	19.6360727487813	2.90459930394761e-13	1.91703554060542e-11	NOTCH1
PD30986_9	ENST00000277541	157	2	16916	5288	20826.47744	8001.769793	20.4403959434214	8.5358637103769e-14	5.63367004884876e-12	NOTCH1
PD30987_10	ENST00000277541	110	5	16916	5288	19909.30914	7789.998532	7.34002656323882	1.42040357308744e-08	9.37466358237712e-07	NOTCH1
PD30987_11	ENST00000277541	112	5	16916	5288	19921.80386	7822.488361	7.49631330734324	8.88995068249032e-09	5.86736745044361e-07	NOTCH1
PD30987_12	ENST00000277541	112	5	16916	5288	19921.80386	7822.488361	7.49631330734324	8.88995068249032e-09	5.86736745044361e-07	NOTCH1
PD30987_13	ENST00000277541	112	5	16916	5288	19921.80386	7822.488361	7.49631330734324	8.88995068249032e-09	5.86736745044361e-07	NOTCH1
PD30987_14	ENST00000277541	112	5	16916	5288	19921.80386	7822.488361	7.49631330734324	8.88995068249032e-09	5.86736745044361e-07	NOTCH1
PD30987_15	ENST00000277541	112	5	16916	5288	19921.80386	7822.488361	7.49631330734324	8.88995068249032e-09	5.86736745044361e-07	NOTCH1
PD30987_16	ENST00000277541	114	5	16916	5288	20000.56808	7818.032638	7.59358671852951	6.60833183032678e-09	4.36149900801568e-07	NOTCH1
PD30987_17	ENST00000277541	114	5	16916	5288	20000.56808	7818.032638	7.59358671852951	6.60833183032678e-09	4.36149900801568e-07	NOTCH1
PD30987_18	ENST00000277541	114	5	16916	5288	20000.56808	7818.032638	7.59358671852951	6.60833183032678e-09	4.36149900801568e-07	NOTCH1
PD30987_19	ENST00000277541	114	5	16916	5288	20000.56808	7818.032638	7.59358671852951	6.60833183032678e-09	4.36149900801568e-07	NOTCH1
PD30987_1	ENST00000277541	28	2	16916	5288	17074.02343	5402.285528	3.28643526630091	0.0259889397258052	0.367334062750936	NOTCH1
PD30987_20	ENST00000277541	114	5	16916	5288	20000.56808	7818.032638	7.59358671852951	6.60833183032678e-09	4.36149900801568e-07	NOTCH1
PD30987_21	ENST00000277541	114	5	16916	5288	20000.56808	7818.032638	7.59358671852951	6.60833183032678e-09	4.36149900801568e-07	NOTCH1
PD30987_22	ENST00000277541	114	5	16916	5288	20000.56808	7818.032638	7.59358671852951	6.60833183032678e-09	4.36149900801568e-07	NOTCH1
PD30987_23	ENST00000277541	114	5	16916	5288	20000.56808	7818.032638	7.59358671852951	6.60833183032678e-09	4.36149900801568e-07	NOTCH1
PD30987_24	ENST00000277541	114	5	16916	5288	20000.56808	7818.032638	7.59358671852951	6.60833183032678e-09	4.36149900801568e-07	NOTCH1
PD30987_25	ENST00000277541	114	5	16916	5288	20000.56808	7818.032638	7.59358671852951	6.60833183032678e-09	4.36149900801568e-07	NOTCH1
PD30987_26	ENST00000277541	114	5	16916	5288	20000.56808	7818.032638	7.59358671852951	6.60833183032678e-09	4.36149900801568e-07	NOTCH1
PD30987_27	ENST00000277541	114	5	16916	5288	20000.56808	7818.032638	7.59358671852951	6.60833183032678e-09	4.36149900801568e-07	NOTCH1
PD30987_28	ENST00000277541	114	5	16916	5288	20000.56808	7818.032638	7.59358671852951	6.60833183032678e-09	4.36149900801568e-07	NOTCH1
PD30987_29	ENST00000277541	114	5	16916	5288	20000.56808	7818.032638	7.59358671852951	6.60833183032678e-09	4.36149900801568e-07	NOTCH1
PD30987_2	ENST00000277541	72	4	16916	5288	18629.34218	7214.504121	5.77662521513682	1.07108023404069e-05	0.000674780547445635	NOTCH1
PD30987_30	ENST00000277541	114	5	16916	5288	20000.56808	7818.032638	7.59358671852951	6.60833183032678e-09	4.36149900801568e-07	NOTCH1
PD30987_31	ENST00000277541	114	5	16916	5288	20000.56808	7818.032638	7.59358671852951	6.60833183032678e-09	4.36149900801568e-07	NOTCH1
PD30987_32	ENST00000277541	114	5	16916	5288	20000.56808	7818.032638	7.59358671852951	6.60833183032678e-09	4.36149900801568e-07	NOTCH1
PD30987_33	ENST00000277541	114	5	16916	5288	20000.56808	7818.032638	7.59358671852951	6.60833183032678e-09	4.36149900801568e-07	NOTCH1
PD30987_34	ENST00000277541	114	5	16916	5288	20000.56808	7818.032638	7.59358671852951	6.60833183032678e-09	4.36149900801568e-07	NOTCH1
PD30987_35	ENST00000277541	114	5	16916	5288	20000.56808	7818.032638	7.59358671852951	6.60833183032678e-09	4.36149900801568e-07	NOTCH1
PD30987_36	ENST00000277541	114	5	16916	5288	20000.56808	7818.032638	7.59358671852951	6.60833183032678e-09	4.36149900801568e-07	NOTCH1
PD30987_37	ENST00000277541	114	5	16916	5288	20000.56808	7818.032638	7.59358671852951	6.60833183032678e-09	4.36149900801568e-07	NOTCH1
PD30987_38	ENST00000277541	114	5	16916	5288	20000.56808	7818.032638	7.59358671852951	6.60833183032678e-09	4.36149900801568e-07	NOTCH1
PD30987_39	ENST00000277541	114	5	16916	5288	20000.56808	7818.032638	7.59358671852951	6.60833183032678e-09	4.36149900801568e-07	NOTCH1
PD30987_3	ENST00000277541	87	5	16916	5288	19185.16484	7459.863889	5.80477440734011	1.43553303244211e-06	9.47451801411795e-05	NOTCH1
PD30987_40	ENST00000277541	114	5	16916	5288	20000.56808	7818.032638	7.59358671852951	6.60833183032678e-09	4.36149900801568e-07	NOTCH1
PD30987_41	ENST00000277541	114	5	16916	5288	20000.56808	7818.032638	7.59358671852951	6.60833183032678e-09	4.36149900801568e-07	NOTCH1
PD30987_42	ENST00000277541	114	5	16916	5288	20000.56808	7818.032638	7.59358671852951	6.60833183032678e-09	4.36149900801568e-07	NOTCH1
PD30987_43	ENST00000277541	114	5	16916	5288	20000.56808	7818.032638	7.59358671852951	6.60833183032678e-09	4.36149900801568e-07	NOTCH1
PD30987_44	ENST00000277541	114	5	16916	5288	20000.56808	7818.032638	7.59358671852951	6.60833183032678e-09	4.36149900801568e-07	NOTCH1
PD30987_45	ENST00000277541	114	5	16916	5288	20000.56808	7818.032638	7.59358671852951	6.60833183032678e-09	4.36149900801568e-07	NOTCH1
PD30987_46	ENST00000277541	114	5	16916	5288	20000.56808	7818.032638	7.59358671852951	6.60833183032678e-09	4.36149900801568e-07	NOTCH1
PD30987_47	ENST00000277541	114	5	16916	5288	20000.56808	7818.032638	7.59358671852951	6.60833183032678e-09	4.36149900801568e-07	NOTCH1
PD30987_48	ENST00000277541	114	5	16916	5288	20000.56808	7818.032638	7.59358671852951	6.60833183032678e-09	4.36149900801568e-07	NOTCH1
PD30987_49	ENST00000277541	114	5	16916	5288	20000.56808	7818.032638	7.59358671852951	6.60833183032678e-09	4.36149900801568e-07	NOTCH1
PD30987_4	ENST00000277541	96	5	16916	5288	19453.30478	7558.031245	6.3830140321964	2.52352511371844e-07	1.66552657505417e-05	NOTCH1
PD30987_50	ENST00000277541	114	5	16916	5288	20000.56808	7818.032638	7.59358671852951	6.60833183032678e-09	4.36149900801568e-07	NOTCH1
PD30987_5	ENST00000277541	100	5	16916	5288	19622.65076	7618.336049	6.63736570913045	1.17315678367521e-07	7.7428347722564e-06	NOTCH1
PD30987_6	ENST00000277541	105	5	16916	5288	19713.77884	7715.078574	7.01537264743235	3.77899353533668e-08	2.49413573332221e-06	NOTCH1
PD30987_7	ENST00000277541	106	5	16916	5288	19812.33661	7693.47356	7.02693941333152	3.62952456852422e-08	2.39548621522599e-06	NOTCH1
PD30987_8	ENST00000277541	108	5	16916	5288	19861.42496	7750.946991	7.191190139629	2.22036553612323e-08	1.46544125384133e-06	NOTCH1
PD30987_9	ENST00000277541	108	5	16916	5288	19861.42496	7750.946991	7.191190139629	2.22036553612323e-08	1.46544125384133e-06	NOTCH1
PD30988_10	ENST00000277541	147	4	16916	5288	20554.22798	9245.889928	13.4249756180431	4.77413737077742e-14	3.24641341212864e-12	NOTCH1
PD30988_11	ENST00000277541	148	4	16916	5288	20566.75119	9240.378478	13.4989017284261	3.95784841924812e-14	2.69133692508872e-12	NOTCH1
PD30988_12	ENST00000277541	151	4	16916	5288	20629.89012	9231.65279	13.7141734946866	2.29173005185068e-14	1.55837643525846e-12	NOTCH1
PD30988_13	ENST00000277541	152	4	16916	5288	20654.63813	9235.820126	13.7935052487119	1.87482917071138e-14	1.27488383608374e-12	NOTCH1
PD30988_14	ENST00000277541	153	4	16916	5288	20671.87179	9228.888598	13.8612685086124	1.57820581307762e-14	1.07317995289278e-12	NOTCH1
PD30988_15	ENST00000277541	154	4	16916	5288	20687.21585	9238.537011	13.9547237870001	1.24690935362786e-14	8.47898360466943e-13	NOTCH1
PD30988_16	ENST00000277541	155	4	16916	5288	20689.53823	9234.00862	14.0357011180138	1.01597748557639e-14	6.90864690191942e-13	NOTCH1
PD30988_17	ENST00000277541	156	4	16916	5288	20669.57844	9222.508531	14.1210515106761	8.18935569697465e-15	5.56876187394276e-13	NOTCH1
PD30988_18	ENST00000277541	156	4	16916	5288	20669.57844	9222.508531	14.1210515106761	8.18935569697465e-15	5.56876187394276e-13	NOTCH1
PD30988_19	ENST00000277541	157	4	16916	5288	20704.18119	9214.103083	14.1741260062939	7.14865624818413e-15	4.86108624876521e-13	NOTCH1
PD30988_1	ENST00000277541	19	4	16916	5288	17186.21504	8122.729676	1.99599595937559	0.130931804561338	0.777428182892068	NOTCH1
PD30988_20	ENST00000277541	157	4	16916	5288	20712.51813	9227.841057	14.1893279692593	6.88533687769619e-15	4.68202907683341e-13	NOTCH1
PD30988_21	ENST00000277541	158	4	16916	5288	20727.0965	9228.053397	14.268853654693	5.63048240027688e-15	3.82872803218828e-13	NOTCH1
PD30988_22	ENST00000277541	160	4	16916	5288	20726.6638	9220.217952	14.4351406531716	3.6986292494343e-15	2.51506788961532e-13	NOTCH1
PD30988_23	ENST00000277541	160	4	16916	5288	20726.6638	9220.217952	14.4351406531716	3.6986292494343e-15	2.51506788961532e-13	NOTCH1
PD30988_24	ENST00000277541	160	4	16916	5288	20726.6638	9220.217952	14.4351406531716	3.6986292494343e-15	2.51506788961532e-13	NOTCH1
PD30988_25	ENST00000277541	160	4	16916	5288	20726.6638	9220.217952	14.4351406531716	3.6986292494343e-15	2.51506788961532e-13	NOTCH1
PD30988_26	ENST00000277541	160	4	16916	5288	20726.6638	9220.217952	14.4351406531716	3.6986292494343e-15	2.51506788961532e-13	NOTCH1
PD30988_27	ENST00000277541	160	4	16916	5288	20726.6638	9220.217952	14.4351406531716	3.6986292494343e-15	2.51506788961532e-13	NOTCH1
PD30988_28	ENST00000277541	160	4	16916	5288	20726.6638	9220.217952	14.4351406531716	3.6986292494343e-15	2.51506788961532e-13	NOTCH1
PD30988_29	ENST00000277541	160	4	16916	5288	20726.6638	9220.217952	14.4351406531716	3.6986292494343e-15	2.51506788961532e-13	NOTCH1
PD30988_2	ENST00000277541	63	4	16916	5288	18984.24511	9140.596335	6.26668914953764	3.54551677278754e-06	0.00023045859023119	NOTCH1
PD30988_30	ENST00000277541	160	4	16916	5288	20726.6638	9220.217952	14.4351406531716	3.6986292494343e-15	2.51506788961532e-13	NOTCH1
PD30988_31	ENST00000277541	160	4	16916	5288	20726.6638	9220.217952	14.4351406531716	3.6986292494343e-15	2.51506788961532e-13	NOTCH1
PD30988_32	ENST00000277541	160	4	16916	5288	20726.6638	9220.217952	14.4351406531716	3.6986292494343e-15	2.51506788961532e-13	NOTCH1
PD30988_33	ENST00000277541	161	4	16916	5288	20713.28351	9210.812709	14.5187423223659	2.9943532692985e-15	2.03616022312298e-13	NOTCH1
PD30988_34	ENST00000277541	162	4	16916	5288	20729.38673	9221.446717	14.6131072241711	2.36060859331907e-15	1.60521384345697e-13	NOTCH1
PD30988_35	ENST00000277541	162	4	16916	5288	20713.42688	9221.555333	14.6243825283052	2.29577647498301e-15	1.56112800298845e-13	NOTCH1
PD30988_36	ENST00000277541	162	4	16916	5288	20713.42688	9221.555333	14.6243825283052	2.29577647498301e-15	1.56112800298845e-13	NOTCH1
PD30988_37	ENST00000277541	162	4	16916	5288	20713.42688	9221.555333	14.6243825283052	2.29577647498301e-15	1.56112800298845e-13	NOTCH1
PD30988_38	ENST00000277541	162	4	16916	5288	20713.42688	9221.555333	14.6243825283052	2.29577647498301e-15	1.56112800298845e-13	NOTCH1
PD30988_39	ENST00000277541	164	4	16916	5288	20710.14458	9212.469781	14.7903862548892	1.50923365500254e-15	1.02627888540173e-13	NOTCH1
PD30988_3	ENST00000277541	98	4	16916	5288	19699.16632	9195.43599	9.34914583065462	1.44916601593006e-09	9.85432890832444e-08	NOTCH1
PD30988_40	ENST00000277541	164	4	16916	5288	20710.14458	9212.469781	14.7903862548892	1.50923365500254e-15	1.02627888540173e-13	NOTCH1
PD30988_41	ENST00000277541	164	4	16916	5288	20710.14458	9212.469781	14.7903862548892	1.50923365500254e-15	1.02627888540173e-13	NOTCH1
PD30988_42	ENST00000277541	164	4	16916	5288	20710.14458	9212.469781	14.7903862548892	1.50923365500254e-15	1.02627888540173e-13	NOTCH1
PD30988_43	ENST00000277541	164	4	16916	5288	20710.14458	9212.469781	14.7903862548892	1.50923365500254e-15	1.02627888540173e-13	NOTCH1
PD30988_44	ENST00000277541	164	4	16916	5288	20710.14458	9212.469781	14.7903862548892	1.50923365500254e-15	1.02627888540173e-13	NOTCH1
PD30988_45	ENST00000277541	164	4	16916	5288	20710.14458	9212.469781	14.7903862548892	1.50923365500254e-15	1.02627888540173e-13	NOTCH1
PD30988_46	ENST00000277541	164	4	16916	5288	20710.14458	9212.469781	14.7903862548892	1.50923365500254e-15	1.02627888540173e-13	NOTCH1
PD30988_47	ENST00000277541	164	4	16916	5288	20710.14458	9212.469781	14.7903862548892	1.50923365500254e-15	1.02627888540173e-13	NOTCH1
PD30988_48	ENST00000277541	164	4	16916	5288	20710.14458	9212.469781	14.7903862548892	1.50923365500254e-15	1.02627888540173e-13	NOTCH1
PD30988_49	ENST00000277541	164	4	16916	5288	20710.14458	9212.469781	14.7903862548892	1.50923365500254e-15	1.02627888540173e-13	NOTCH1
PD30988_4	ENST00000277541	118	4	16916	5288	20024.05843	9174.054077	11.0123773696559	2.14037842459697e-11	1.45545732872594e-09	NOTCH1
PD30988_50	ENST00000277541	164	4	16916	5288	20710.14458	9212.469781	14.7903862548892	1.50923365500254e-15	1.02627888540173e-13	NOTCH1
PD30988_5	ENST00000277541	127	4	16916	5288	20204.70491	9257.593192	11.8380253076807	2.66052131053388e-12	1.80915449116304e-10	NOTCH1
PD30988_6	ENST00000277541	133	4	16916	5288	20269.23911	9275.885578	12.3730546980952	6.88447004334609e-13	4.68143962947534e-11	NOTCH1
PD30988_7	ENST00000277541	140	4	16916	5288	20355.43603	9267.252572	12.9476056830014	1.60773270852279e-13	1.0932582417955e-11	NOTCH1
PD30988_8	ENST00000277541	142	4	16916	5288	20367.29812	9242.033984	13.0870193581474	1.12790612709762e-13	7.66976166426382e-12	NOTCH1
PD30988_9	ENST00000277541	146	4	16916	5288	20519.05349	9251.07088	13.3648991425286	5.56551956857909e-14	3.78455330663378e-12	NOTCH1
PD31182_10	ENST00000277541	119	6	16916	5288	20451.04718	8426.146087	7.1471186957367	2.02300757668367e-09	1.27449477331071e-07	NOTCH1
PD31182_11	ENST00000277541	121	6	16916	5288	20460.98247	8426.235743	7.26145488229264	1.35588201829475e-09	8.54205671525691e-08	NOTCH1
PD31182_12	ENST00000277541	123	6	16916	5288	20508.29616	8541.368181	7.46106825721791	6.8146439058775e-10	4.29322566070282e-08	NOTCH1
PD31182_13	ENST00000277541	123	6	16916	5288	20537.15449	8584.265567	7.48748754538738	6.23351025110722e-10	3.92711145819755e-08	NOTCH1
PD31182_14	ENST00000277541	125	6	16916	5288	20614.59616	8578.557106	7.57392775714562	4.58825605587723e-10	2.89060131520265e-08	NOTCH1
PD31182_15	ENST00000277541	125	6	16916	5288	20656.83708	8589.389812	7.5680965604191	4.67948148202067e-10	2.94807333367302e-08	NOTCH1
PD31182_16	ENST00000277541	126	6	16916	5288	20681.93169	8607.288679	7.63399474761538	3.71877840109001e-10	2.34283039268671e-08	NOTCH1
PD31182_17	ENST00000277541	126	6	16916	5288	20702.89086	8600.540647	7.62054384337043	3.89161273422651e-10	2.4517160225627e-08	NOTCH1
PD31182_18	ENST00000277541	127	6	16916	5288	20718.68578	8594.444662	7.66880658678259	3.28243257531628e-10	2.06793252244925e-08	NOTCH1
PD31182_19	ENST00000277541	130	6	16916	5288	20805.67238	8622.595452	7.83950412510396	1.8044068800842e-10	1.13677633445305e-08	NOTCH1
PD31182_1	ENST00000277541	15	3	16916	5288	16399.47427	7034.023733	1.8584411344212	0.21653385032801	0.607920366569992	NOTCH1
PD31182_20	ENST00000277541	130	6	16916	5288	20805.67238	8622.595452	7.83950412510396	1.8044068800842e-10	1.13677633445305e-08	NOTCH1
PD31182_21	ENST00000277541	130	6	16916	5288	20773.93988	8620.89532	7.84974098780754	1.74300971825161e-10	1.09809612249851e-08	NOTCH1
PD31182_22	ENST00000277541	131	6	16916	5288	20798.74129	8626.3927	7.90471039255582	1.43711566428233e-10	9.0538286849787e-09	NOTCH1
PD31182_23	ENST00000277541	132	6	16916	5288	20812.52137	8651.61483	7.98163524638136	1.10004786638468e-10	6.93030155822351e-09	NOTCH1
PD31182_24	ENST00000277541	132	6	16916	5288	20800.3383	8651.8637	7.98645215647423	1.08226292557059e-10	6.81825643109475e-09	NOTCH1
PD31182_25	ENST00000277541	134	6	16916	5288	20790.13894	8631.284246	8.09025190329694	7.51081832076913e-11	4.73181554208455e-09	NOTCH1
PD31182_26	ENST00000277541	135	6	16916	5288	20822.39724	8623.99199	8.13040264995787	6.51089977830006e-11	4.10186686032904e-09	NOTCH1
PD31182_27	ENST00000277541	135	6	16916	5288	20822.39724	8623.99199	8.13040264995787	6.51089977830006e-11	4.10186686032904e-09	NOTCH1
PD31182_28	ENST00000277541	135	6	16916	5288	20822.39724	8623.99199	8.13040264995787	6.51089977830006e-11	4.10186686032904e-09	NOTCH1
PD31182_29	ENST00000277541	135	6	16916	5288	20822.39724	8623.99199	8.13040264995787	6.51089977830006e-11	4.10186686032904e-09	NOTCH1
PD31182_2	ENST00000277541	55	4	16916	5288	19218.01145	8232.310304	4.91200746131307	9.99211853989782e-05	0.00599527112393869	NOTCH1
PD31182_30	ENST00000277541	135	6	16916	5288	20822.39724	8623.99199	8.13040264995787	6.51089977830006e-11	4.10186686032904e-09	NOTCH1
PD31182_31	ENST00000277541	135	6	16916	5288	20822.39724	8623.99199	8.13040264995787	6.51089977830006e-11	4.10186686032904e-09	NOTCH1
PD31182_32	ENST00000277541	135	6	16916	5288	20822.39724	8623.99199	8.13040264995787	6.51089977830006e-11	4.10186686032904e-09	NOTCH1
PD31182_33	ENST00000277541	135	6	16916	5288	20822.39724	8623.99199	8.13040264995787	6.51089977830006e-11	4.10186686032904e-09	NOTCH1
PD31182_34	ENST00000277541	135	6	16916	5288	20822.39724	8623.99199	8.13040264995787	6.51089977830006e-11	4.10186686032904e-09	NOTCH1
PD31182_35	ENST00000277541	135	6	16916	5288	20822.39724	8623.99199	8.13040264995787	6.51089977830006e-11	4.10186686032904e-09	NOTCH1
PD31182_36	ENST00000277541	135	6	16916	5288	20822.39724	8623.99199	8.13040264995787	6.51089977830006e-11	4.10186686032904e-09	NOTCH1
PD31182_37	ENST00000277541	135	6	16916	5288	20822.39724	8623.99199	8.13040264995787	6.51089977830006e-11	4.10186686032904e-09	NOTCH1
PD31182_38	ENST00000277541	135	6	16916	5288	20822.39724	8623.99199	8.13040264995787	6.51089977830006e-11	4.10186686032904e-09	NOTCH1
PD31182_39	ENST00000277541	136	6	16916	5288	20812.82195	8615.862569	8.18568294239133	5.36217782832925e-11	3.37817203184743e-09	NOTCH1
PD31182_3	ENST00000277541	79	5	16916	5288	19463.56236	8230.373018	5.73433080059931	1.87739546439196e-06	0.000112643727863518	NOTCH1
PD31182_40	ENST00000277541	136	6	16916	5288	20812.82195	8615.862569	8.18568294239133	5.36217782832925e-11	3.37817203184743e-09	NOTCH1
PD31182_41	ENST00000277541	136	6	16916	5288	20812.82195	8615.862569	8.18568294239133	5.36217782832925e-11	3.37817203184743e-09	NOTCH1
PD31182_42	ENST00000277541	136	6	16916	5288	20812.82195	8615.862569	8.18568294239133	5.36217782832925e-11	3.37817203184743e-09	NOTCH1
PD31182_43	ENST00000277541	136	6	16916	5288	20812.82195	8615.862569	8.18568294239133	5.36217782832925e-11	3.37817203184743e-09	NOTCH1
PD31182_44	ENST00000277541	136	6	16916	5288	20812.82195	8615.862569	8.18568294239133	5.36217782832925e-11	3.37817203184743e-09	NOTCH1
PD31182_45	ENST00000277541	137	6	16916	5288	20850.68085	8614.623857	8.22894779380104	4.59958727046798e-11	2.89773998039483e-09	NOTCH1
PD31182_46	ENST00000277541	137	6	16916	5288	20850.68085	8614.623857	8.22894779380104	4.59958727046798e-11	2.89773998039483e-09	NOTCH1
PD31182_47	ENST00000277541	137	6	16916	5288	20850.68085	8614.623857	8.22894779380104	4.59958727046798e-11	2.89773998039483e-09	NOTCH1
PD31182_48	ENST00000277541	137	6	16916	5288	20850.68085	8614.623857	8.22894779380104	4.59958727046798e-11	2.89773998039483e-09	NOTCH1
PD31182_49	ENST00000277541	137	6	16916	5288	20850.68085	8614.623857	8.22894779380104	4.59958727046798e-11	2.89773998039483e-09	NOTCH1
PD31182_4	ENST00000277541	91	6	16916	5288	19529.90231	8297.473203	5.66603641568782	3.62076205309238e-07	2.20866485238635e-05	NOTCH1
PD31182_50	ENST00000277541	137	6	16916	5288	20850.68085	8614.623857	8.22894779380104	4.59958727046798e-11	2.89773998039483e-09	NOTCH1
PD31182_5	ENST00000277541	99	6	16916	5288	19742.21748	8383.482977	6.1485858419458	6.76488165061984e-08	4.1265778068781e-06	NOTCH1
PD31182_6	ENST00000277541	104	6	16916	5288	19861.51696	8481.815603	6.48756617769585	2.08757599621957e-08	1.29429711765613e-06	NOTCH1
PD31182_7	ENST00000277541	109	6	16916	5288	19977.30951	8381.305798	6.67571405752468	1.06637611876365e-08	6.61153193633461e-07	NOTCH1
PD31182_8	ENST00000277541	112	6	16916	5288	20062.34725	8418.192701	6.85648249973058	5.67495172679041e-09	3.57521958787796e-07	NOTCH1
PD31182_9	ENST00000277541	114	6	16916	5288	20159.7788	8366.859841	6.90187420306134	4.7964422771078e-09	3.02175863457791e-07	NOTCH1
PD36806_10	ENST00000277541	36	4	16916	5288	20228.04445	8358.40246	3.17510210938853	0.00747138988336826	0.351155324518308	NOTCH1
PD36806_11	ENST00000277541	36	4	16916	5288	20228.04445	8358.40246	3.17510210938853	0.00747138988336826	0.351155324518308	NOTCH1
PD36806_12	ENST00000277541	36	4	16916	5288	20228.04445	8358.40246	3.17510210938853	0.00747138988336826	0.351155324518308	NOTCH1
PD36806_13	ENST00000277541	36	4	16916	5288	20228.04445	8358.40246	3.17510210938853	0.00747138988336826	0.351155324518308	NOTCH1
PD36806_14	ENST00000277541	36	4	16916	5288	20228.04445	8358.40246	3.17510210938853	0.00747138988336826	0.351155324518308	NOTCH1
PD36806_15	ENST00000277541	36	4	16916	5288	20228.04445	8358.40246	3.17510210938853	0.00747138988336826	0.351155324518308	NOTCH1
PD36806_16	ENST00000277541	36	4	16916	5288	20228.04445	8358.40246	3.17510210938853	0.00747138988336826	0.351155324518308	NOTCH1
PD36806_17	ENST00000277541	36	4	16916	5288	20228.04445	8358.40246	3.17510210938853	0.00747138988336826	0.351155324518308	NOTCH1
PD36806_18	ENST00000277541	36	4	16916	5288	20228.04445	8358.40246	3.17510210938853	0.00747138988336826	0.351155324518308	NOTCH1
PD36806_19	ENST00000277541	36	4	16916	5288	20228.04445	8358.40246	3.17510210938853	0.00747138988336826	0.351155324518308	NOTCH1
PD36806_1	ENST00000277541	4	1	16916	5288	16678.3607	6408.041996	1.26842587964895	0.698510433971682	0.698510433971682	NOTCH1
PD36806_20	ENST00000277541	36	4	16916	5288	20228.04445	8358.40246	3.17510210938853	0.00747138988336826	0.351155324518308	NOTCH1
PD36806_21	ENST00000277541	36	4	16916	5288	20228.04445	8358.40246	3.17510210938853	0.00747138988336826	0.351155324518308	NOTCH1
PD36806_22	ENST00000277541	36	4	16916	5288	20228.04445	8358.40246	3.17510210938853	0.00747138988336826	0.351155324518308	NOTCH1
PD36806_23	ENST00000277541	36	4	16916	5288	20228.04445	8358.40246	3.17510210938853	0.00747138988336826	0.351155324518308	NOTCH1
PD36806_24	ENST00000277541	36	4	16916	5288	20228.04445	8358.40246	3.17510210938853	0.00747138988336826	0.351155324518308	NOTCH1
PD36806_25	ENST00000277541	36	4	16916	5288	20228.04445	8358.40246	3.17510210938853	0.00747138988336826	0.351155324518308	NOTCH1
PD36806_26	ENST00000277541	36	4	16916	5288	20228.04445	8358.40246	3.17510210938853	0.00747138988336826	0.351155324518308	NOTCH1
PD36806_27	ENST00000277541	36	4	16916	5288	20228.04445	8358.40246	3.17510210938853	0.00747138988336826	0.351155324518308	NOTCH1
PD36806_28	ENST00000277541	36	4	16916	5288	20228.04445	8358.40246	3.17510210938853	0.00747138988336826	0.351155324518308	NOTCH1
PD36806_29	ENST00000277541	36	4	16916	5288	20228.04445	8358.40246	3.17510210938853	0.00747138988336826	0.351155324518308	NOTCH1
PD36806_2	ENST00000277541	22	4	16916	5288	19342.60654	7369.34526	1.87635727258091	0.163856075577519	0.604354161470111	NOTCH1
PD36806_30	ENST00000277541	36	4	16916	5288	20228.04445	8358.40246	3.17510210938853	0.00747138988336826	0.351155324518308	NOTCH1
PD36806_31	ENST00000277541	36	4	16916	5288	20228.04445	8358.40246	3.17510210938853	0.00747138988336826	0.351155324518308	NOTCH1
PD36806_32	ENST00000277541	36	4	16916	5288	20228.04445	8358.40246	3.17510210938853	0.00747138988336826	0.351155324518308	NOTCH1
PD36806_33	ENST00000277541	36	4	16916	5288	20228.04445	8358.40246	3.17510210938853	0.00747138988336826	0.351155324518308	NOTCH1
PD36806_34	ENST00000277541	36	4	16916	5288	20228.04445	8358.40246	3.17510210938853	0.00747138988336826	0.351155324518308	NOTCH1
PD36806_35	ENST00000277541	36	4	16916	5288	20228.04445	8358.40246	3.17510210938853	0.00747138988336826	0.351155324518308	NOTCH1
PD36806_36	ENST00000277541	36	4	16916	5288	20228.04445	8358.40246	3.17510210938853	0.00747138988336826	0.351155324518308	NOTCH1
PD36806_37	ENST00000277541	36	4	16916	5288	20228.04445	8358.40246	3.17510210938853	0.00747138988336826	0.351155324518308	NOTCH1
PD36806_38	ENST00000277541	36	4	16916	5288	20228.04445	8358.40246	3.17510210938853	0.00747138988336826	0.351155324518308	NOTCH1
PD36806_39	ENST00000277541	36	4	16916	5288	20228.04445	8358.40246	3.17510210938853	0.00747138988336826	0.351155324518308	NOTCH1
PD36806_3	ENST00000277541	28	4	16916	5288	19496.70349	8295.312463	2.5826463697633	0.031986099661232	0.52327995496013	NOTCH1
PD36806_40	ENST00000277541	36	4	16916	5288	20210.4717	8370.447686	3.18198004647264	0.00735273764681689	0.345578669400394	NOTCH1
PD36806_41	ENST00000277541	36	4	16916	5288	20210.4717	8370.447686	3.18198004647264	0.00735273764681689	0.345578669400394	NOTCH1
PD36806_42	ENST00000277541	36	4	16916	5288	20210.4717	8370.447686	3.18198004647264	0.00735273764681689	0.345578669400394	NOTCH1
PD36806_43	ENST00000277541	36	4	16916	5288	20210.4717	8370.447686	3.18198004647264	0.00735273764681689	0.345578669400394	NOTCH1
PD36806_44	ENST00000277541	36	4	16916	5288	20210.4717	8370.447686	3.18198004647264	0.00735273764681689	0.345578669400394	NOTCH1
PD36806_45	ENST00000277541	36	4	16916	5288	20210.4717	8370.447686	3.18198004647264	0.00735273764681689	0.345578669400394	NOTCH1
PD36806_46	ENST00000277541	36	4	16916	5288	20210.4717	8370.447686	3.18198004647264	0.00735273764681689	0.345578669400394	NOTCH1
PD36806_47	ENST00000277541	36	4	16916	5288	20210.4717	8370.447686	3.18198004647264	0.00735273764681689	0.345578669400394	NOTCH1
PD36806_48	ENST00000277541	36	4	16916	5288	20210.4717	8370.447686	3.18198004647264	0.00735273764681689	0.345578669400394	NOTCH1
PD36806_49	ENST00000277541	36	4	16916	5288	20210.4717	8370.447686	3.18198004647264	0.00735273764681689	0.345578669400394	NOTCH1
PD36806_4	ENST00000277541	32	4	16916	5288	19921.53483	8197.494039	2.83353011187642	0.0172225173349051	0.517616330805689	NOTCH1
PD36806_50	ENST00000277541	36	4	16916	5288	20210.4717	8370.447686	3.18198004647264	0.00735273764681689	0.345578669400394	NOTCH1
PD36806_5	ENST00000277541	34	4	16916	5288	20037.15768	8246.467482	2.99859947070098	0.0115074261023841	0.534810921287573	NOTCH1
PD36806_6	ENST00000277541	36	4	16916	5288	20228.04445	8358.40246	3.17510210938853	0.00747138988336826	0.351155324518308	NOTCH1
PD36806_7	ENST00000277541	36	4	16916	5288	20228.04445	8358.40246	3.17510210938853	0.00747138988336826	0.351155324518308	NOTCH1
PD36806_8	ENST00000277541	36	4	16916	5288	20228.04445	8358.40246	3.17510210938853	0.00747138988336826	0.351155324518308	NOTCH1
PD36806_9	ENST00000277541	36	4	16916	5288	20228.04445	8358.40246	3.17510210938853	0.00747138988336826	0.351155324518308	NOTCH1
