ID	dnds	low_ci	high_ci	muts	Pvalue
PD36806_1	1.13176066177008	0.593737910055004	2.15731920404341	52	0.720021687472937
PD36806_2	1.33487360115655	0.836216165222453	2.13089342824487	109	0.22823903806421
PD36806_3	1.51931440973777	0.964800457481969	2.3925323187152	121	0.070633157328835
PD36806_4	1.58396526393521	1.00836960474467	2.48812136497176	127	0.0455521744553193
PD36806_5	1.63413188375421	1.04110982231818	2.56494267584191	129	0.0324713507353996
PD36806_10	1.67505990831966	1.06798041357228	2.62722580002631	131	0.024478376365454
PD36806_11	1.67505990831966	1.06798041357228	2.62722580002631	131	0.024478376365454
PD36806_12	1.67505990831966	1.06798041357228	2.62722580002631	131	0.024478376365454
PD36806_13	1.67505990831966	1.06798041357228	2.62722580002631	131	0.024478376365454
PD36806_14	1.67505990831966	1.06798041357228	2.62722580002631	131	0.024478376365454
PD36806_15	1.67505990831966	1.06798041357228	2.62722580002631	131	0.024478376365454
PD36806_16	1.67505990831966	1.06798041357228	2.62722580002631	131	0.024478376365454
PD36806_17	1.67505990831966	1.06798041357228	2.62722580002631	131	0.024478376365454
PD36806_18	1.67505990831966	1.06798041357228	2.62722580002631	131	0.024478376365454
PD36806_19	1.67505990831966	1.06798041357228	2.62722580002631	131	0.024478376365454
PD36806_20	1.67505990831966	1.06798041357228	2.62722580002631	131	0.024478376365454
PD36806_21	1.67505990831966	1.06798041357228	2.62722580002631	131	0.024478376365454
PD36806_22	1.67505990831966	1.06798041357228	2.62722580002631	131	0.024478376365454
PD36806_23	1.67505990831966	1.06798041357228	2.62722580002631	131	0.024478376365454
PD36806_24	1.67505990831966	1.06798041357228	2.62722580002631	131	0.024478376365454
PD36806_25	1.67505990831966	1.06798041357228	2.62722580002631	131	0.024478376365454
PD36806_26	1.67505990831966	1.06798041357228	2.62722580002631	131	0.024478376365454
PD36806_27	1.67505990831966	1.06798041357228	2.62722580002631	131	0.024478376365454
PD36806_28	1.67505990831966	1.06798041357228	2.62722580002631	131	0.024478376365454
PD36806_29	1.67505990831966	1.06798041357228	2.62722580002631	131	0.024478376365454
PD36806_30	1.67505990831966	1.06798041357228	2.62722580002631	131	0.024478376365454
PD36806_31	1.67505990831966	1.06798041357228	2.62722580002631	131	0.024478376365454
PD36806_32	1.67505990831966	1.06798041357228	2.62722580002631	131	0.024478376365454
PD36806_33	1.67505990831966	1.06798041357228	2.62722580002631	131	0.024478376365454
PD36806_34	1.67505990831966	1.06798041357228	2.62722580002631	131	0.024478376365454
PD36806_35	1.67505990831966	1.06798041357228	2.62722580002631	131	0.024478376365454
PD36806_36	1.67505990831966	1.06798041357228	2.62722580002631	131	0.024478376365454
PD36806_37	1.67505990831966	1.06798041357228	2.62722580002631	131	0.024478376365454
PD36806_38	1.67505990831966	1.06798041357228	2.62722580002631	131	0.024478376365454
PD36806_39	1.67505990831966	1.06798041357228	2.62722580002631	131	0.024478376365454
PD36806_6	1.67505990831966	1.06798041357228	2.62722580002631	131	0.024478376365454
PD36806_7	1.67505990831966	1.06798041357228	2.62722580002631	131	0.024478376365454
PD36806_8	1.67505990831966	1.06798041357228	2.62722580002631	131	0.024478376365454
PD36806_9	1.67505990831966	1.06798041357228	2.62722580002631	131	0.024478376365454
PD36806_40	1.68677794532649	1.07584172112158	2.64464537950217	132	0.0225132357045258
PD36806_41	1.68677794532649	1.07584172112158	2.64464537950217	132	0.0225132357045258
PD36806_42	1.68677794532649	1.07584172112158	2.64464537950217	132	0.0225132357045258
PD36806_43	1.68677794532649	1.07584172112158	2.64464537950217	132	0.0225132357045258
PD36806_44	1.68677794532649	1.07584172112158	2.64464537950217	132	0.0225132357045258
PD36806_45	1.68677794532649	1.07584172112158	2.64464537950217	132	0.0225132357045258
PD36806_46	1.68677794532649	1.07584172112158	2.64464537950217	132	0.0225132357045258
PD36806_47	1.68677794532649	1.07584172112158	2.64464537950217	132	0.0225132357045258
PD36806_48	1.68677794532649	1.07584172112158	2.64464537950217	132	0.0225132357045258
PD36806_49	1.68677794532649	1.07584172112158	2.64464537950217	132	0.0225132357045258
PD36806_50	1.68677794532649	1.07584172112158	2.64464537950217	132	0.0225132357045258
PD30272_1	1.52139429497724	1.00591565382776	2.30102851266058	141	0.0464512923287421
PD30274_1	1.38880084075089	0.933752944891241	2.06560823804956	145	0.104709453489499
PD31182_1	1.30442613800471	0.900376981203054	1.88979459163466	161	0.160596309417344
PD30987_1	1.64056891529386	1.12695940392401	2.38825494197655	189	0.00975540649224855
PD30986_1	1.38331854999224	0.991326749370597	1.93031229306338	220	0.0558986212855586
PD30273_1	1.89187289528975	1.32781787218487	2.69553763878976	242	0.000446639020396408
PD30988_1	1.55530614746046	1.14015898083983	2.1216139617183	262	0.0053404201424009
PD30272_2	1.39623622781423	1.03747032245178	1.87906638066894	264	0.0273816739946617
PD30272_3	1.4108329559909	1.05433895415964	1.88786501898386	277	0.0204019821420989
PD30274_2	1.54573517222752	1.15515334510013	2.068380992702	277	0.00343426669735692
PD30272_4	1.41910609621106	1.06066546193917	1.89867793811401	278	0.018320543809509
PD30272_5	1.43453023631723	1.07248101454496	1.91880039926069	280	0.0149515829177801
PD30272_6	1.44233452124076	1.07845824829413	1.92898415349264	281	0.0134768487139901
PD30272_7	1.45828949081254	1.09067283207309	1.94981315796798	283	0.0108771316540974
PD30272_8	1.45828949081254	1.09067283207309	1.94981315796798	283	0.0108771316540974
PD30272_9	1.45828949081254	1.09067283207309	1.94981315796798	283	0.0108771316540974
PD30272_10	1.46611194228866	1.09666473080507	1.96001947262722	284	0.00978152386740855
PD30272_11	1.46611194228866	1.09666473080507	1.96001947262722	284	0.00978152386740855
PD30272_12	1.46611194228866	1.09666473080507	1.96001947262722	284	0.00978152386740855
PD30272_13	1.46611194228866	1.09666473080507	1.96001947262722	284	0.00978152386740855
PD30272_14	1.46611194228866	1.09666473080507	1.96001947262722	284	0.00978152386740855
PD30272_15	1.46611194228866	1.09666473080507	1.96001947262722	284	0.00978152386740855
PD30272_16	1.46611194228866	1.09666473080507	1.96001947262722	284	0.00978152386740855
PD30272_17	1.46611194228866	1.09666473080507	1.96001947262722	284	0.00978152386740855
PD30272_18	1.46611194228866	1.09666473080507	1.96001947262722	284	0.00978152386740855
PD30272_19	1.46611194228866	1.09666473080507	1.96001947262722	284	0.00978152386740855
PD30272_20	1.46611194228866	1.09666473080507	1.96001947262722	284	0.00978152386740855
PD30272_21	1.46611194228866	1.09666473080507	1.96001947262722	284	0.00978152386740855
PD30272_22	1.46611194228866	1.09666473080507	1.96001947262722	284	0.00978152386740855
PD30272_23	1.46611194228866	1.09666473080507	1.96001947262722	284	0.00978152386740855
PD30272_24	1.46611194228866	1.09666473080507	1.96001947262722	284	0.00978152386740855
PD30272_25	1.46611194228866	1.09666473080507	1.96001947262722	284	0.00978152386740855
PD30272_26	1.46611194228866	1.09666473080507	1.96001947262722	284	0.00978152386740855
PD30272_27	1.46611194228866	1.09666473080507	1.96001947262722	284	0.00978152386740855
PD30272_28	1.46611194228866	1.09666473080507	1.96001947262722	284	0.00978152386740855
PD30272_29	1.46611194228866	1.09666473080507	1.96001947262722	284	0.00978152386740855
PD30272_30	1.46611194228866	1.09666473080507	1.96001947262722	284	0.00978152386740855
PD30272_31	1.46611194228866	1.09666473080507	1.96001947262722	284	0.00978152386740855
PD30272_32	1.46611194228866	1.09666473080507	1.96001947262722	284	0.00978152386740855
PD30272_33	1.46611194228866	1.09666473080507	1.96001947262722	284	0.00978152386740855
PD30272_34	1.46611194228866	1.09666473080507	1.96001947262722	284	0.00978152386740855
PD30272_35	1.46611194228866	1.09666473080507	1.96001947262722	284	0.00978152386740855
PD30272_36	1.46611194228866	1.09666473080507	1.96001947262722	284	0.00978152386740855
PD30272_37	1.46611194228866	1.09666473080507	1.96001947262722	284	0.00978152386740855
PD30272_38	1.46611194228866	1.09666473080507	1.96001947262722	284	0.00978152386740855
PD30272_39	1.46611194228866	1.09666473080507	1.96001947262722	284	0.00978152386740855
PD30272_40	1.46611194228866	1.09666473080507	1.96001947262722	284	0.00978152386740855
PD30272_41	1.46611194228866	1.09666473080507	1.96001947262722	284	0.00978152386740855
PD30272_42	1.46611194228866	1.09666473080507	1.96001947262722	284	0.00978152386740855
PD30272_43	1.46611194228866	1.09666473080507	1.96001947262722	284	0.00978152386740855
PD30272_44	1.46611194228866	1.09666473080507	1.96001947262722	284	0.00978152386740855
PD30272_45	1.46611194228866	1.09666473080507	1.96001947262722	284	0.00978152386740855
PD30272_46	1.46611194228866	1.09666473080507	1.96001947262722	284	0.00978152386740855
PD30272_47	1.46611194228866	1.09666473080507	1.96001947262722	284	0.00978152386740855
PD30272_48	1.46611194228866	1.09666473080507	1.96001947262722	284	0.00978152386740855
PD30272_49	1.46611194228866	1.09666473080507	1.96001947262722	284	0.00978152386740855
PD30272_50	1.46611194228866	1.09666473080507	1.96001947262722	284	0.00978152386740855
PD30274_3	1.62729433978072	1.23018914106651	2.15258514311598	312	0.000684052625493816
PD30274_4	1.57935260375578	1.21036209137396	2.06083341899666	336	0.000802613491301655
PD30274_5	1.6238986028947	1.24798935023498	2.11303619857559	350	0.000333309132885218
PD31182_2	1.60813282828028	1.23418265844828	2.09538772538271	351	0.000465827037801083
PD30274_6	1.65370299773122	1.27374217447122	2.14700718835858	359	0.000176685015032031
PD30987_2	2.12273813488333	1.58630881802291	2.8405674469515	363	6.1488325237439e-07
PD30274_7	1.66324444229193	1.28344346074273	2.15543743018806	364	0.000134466034055769
PD30274_8	1.68742373447212	1.30254522281203	2.18602687245872	368	8.5452628952141e-05
PD30274_9	1.71484574456967	1.32415159437792	2.22081515451426	372	5.09314047614669e-05
PD30274_10	1.72542645682801	1.33253886617868	2.23415356466073	374	4.15409526139894e-05
PD30274_11	1.73393183690635	1.33932310629449	2.24480530568579	376	3.51645750162173e-05
PD30274_12	1.75098164002358	1.3528141411378	2.26633992835188	379	2.52715437603694e-05
PD30274_13	1.77986820498597	1.37576799269291	2.30266356242168	385	1.42910427681502e-05
PD30274_14	1.78884623798329	1.38281188553967	2.31410425135166	386	1.20138494394939e-05
PD30274_15	1.79758098618867	1.3897718027866	2.32505609584828	388	1.00824266940745e-05
PD30274_16	1.81534042763968	1.40381225693228	2.34750825970456	391	7.09133528402999e-06
PD30274_17	1.81534042763968	1.40381225693228	2.34750825970456	391	7.09133528402999e-06
PD30274_18	1.81534042763968	1.40381225693228	2.34750825970456	391	7.09133528402999e-06
PD30274_19	1.81534042763968	1.40381225693228	2.34750825970456	391	7.09133528402999e-06
PD30274_20	1.81534042763968	1.40381225693228	2.34750825970456	391	7.09133528402999e-06
PD30274_21	1.81911288967516	1.40683187932274	2.35221546655266	392	6.56485530962968e-06
PD30274_22	1.82153784076086	1.40880919058204	2.35518062169437	393	6.2339370451922e-06
PD30274_23	1.81608773519905	1.40459404800303	2.34813373061746	393	6.91143431959282e-06
PD30274_24	1.81608773519905	1.40459404800303	2.34813373061746	393	6.91143431959282e-06
PD30274_25	1.82332967401938	1.41029643698598	2.35732787304254	394	5.99094940342741e-06
PD30274_26	1.83057476445175	1.41600147626412	2.36652575891986	395	5.19103158364788e-06
PD30274_27	1.83057476445175	1.41600147626412	2.36652575891986	395	5.19103158364788e-06
PD30274_28	1.83215043826848	1.41722029005563	2.36856277884336	395	5.03791494493174e-06
PD30274_29	1.83651282530231	1.42069565693203	2.37403369331284	396	4.60972214212865e-06
PD30274_30	1.83651282530231	1.42069565693203	2.37403369331284	396	4.60972214212865e-06
PD30274_31	1.8437417311483	1.42638854302154	2.38321009223528	397	3.9930770819537e-06
PD30274_32	1.8437417311483	1.42638854302154	2.38321009223528	397	3.9930770819537e-06
PD30274_33	1.8437417311483	1.42638854302154	2.38321009223528	397	3.9930770819537e-06
PD30274_34	1.8437417311483	1.42638854302154	2.38321009223528	397	3.9930770819537e-06
PD30274_35	1.8437417311483	1.42638854302154	2.38321009223528	397	3.9930770819537e-06
PD30274_36	1.8437417311483	1.42638854302154	2.38321009223528	397	3.9930770819537e-06
PD30274_37	1.8437417311483	1.42638854302154	2.38321009223528	397	3.9930770819537e-06
PD30274_38	1.8437417311483	1.42638854302154	2.38321009223528	397	3.9930770819537e-06
PD30274_39	1.8437417311483	1.42638854302154	2.38321009223528	397	3.9930770819537e-06
PD30987_3	2.2338341684146	1.68396551071827	2.96325254894806	397	4.45652948057945e-08
PD30274_40	1.85011118482522	1.43141671170662	2.39127527869533	398	3.51507785296242e-06
PD30274_41	1.85011118482522	1.43141671170662	2.39127527869533	398	3.51507785296242e-06
PD30274_42	1.85126346664032	1.43240825106028	2.39259751567356	399	3.41819285533423e-06
PD30274_43	1.85126346664032	1.43240825106028	2.39259751567356	399	3.41819285533423e-06
PD30274_44	1.85268951153852	1.43351166609079	2.39444052487221	399	3.32623782612935e-06
PD30274_45	1.85268951153852	1.43351166609079	2.39444052487221	399	3.32623782612935e-06
PD30274_46	1.85268951153852	1.43351166609079	2.39444052487221	399	3.32623782612935e-06
PD30274_47	1.85268951153852	1.43351166609079	2.39444052487221	399	3.32623782612935e-06
PD30274_48	1.82761681580055	1.41619067009687	2.35856886782659	400	4.7543322909898e-06
PD30274_49	1.82761681580055	1.41619067009687	2.35856886782659	400	4.7543322909898e-06
PD30274_50	1.82761681580055	1.41619067009687	2.35856886782659	400	4.7543322909898e-06
PD30987_4	2.2977358331377	1.73722158247069	3.03909991227274	412	1.10018538481896e-08
PD31182_3	1.84050477455557	1.42550949059221	2.37631376537142	414	3.8595936881575e-06
PD30987_5	2.29432823834542	1.73873754464672	3.02745062443495	418	8.84554574040515e-09
PD30987_6	2.34716765672928	1.77943477371954	3.09603706197118	425	3.39325887990015e-09
PD30987_7	2.35462615336673	1.78527217639862	3.10555689794196	427	2.94385920975991e-09
PD30987_8	2.38231447236893	1.80653938257141	3.14159895987437	430	1.78649968599768e-09
PD30987_9	2.38231447236893	1.80653938257141	3.14159895987437	430	1.78649968599768e-09
PD30987_10	2.40162636955127	1.82136558375655	3.16674986634367	432	1.26117786194165e-09
PD30987_11	2.43574310489103	1.84760235498903	3.21110462811648	436	6.79080722526817e-10
PD30987_12	2.43574310489103	1.84760235498903	3.21110462811648	436	6.79080722526817e-10
PD30987_13	2.43574310489103	1.84760235498903	3.21110462811648	436	6.79080722526817e-10
PD30987_14	2.43574310489103	1.84760235498903	3.21110462811648	436	6.79080722526817e-10
PD30987_15	2.43574310489103	1.84760235498903	3.21110462811648	436	6.79080722526817e-10
PD30987_16	2.44801494018681	1.85709075907093	3.22697052801873	438	5.41355788010697e-10
PD30987_17	2.44801494018681	1.85709075907093	3.22697052801873	438	5.41355788010697e-10
PD30987_18	2.44801494018681	1.85709075907093	3.22697052801873	438	5.41355788010697e-10
PD30987_19	2.44801494018681	1.85709075907093	3.22697052801873	438	5.41355788010697e-10
PD30987_20	2.44801494018681	1.85709075907093	3.22697052801873	438	5.41355788010697e-10
PD30987_21	2.44801494018681	1.85709075907093	3.22697052801873	438	5.41355788010697e-10
PD30987_22	2.44801494018681	1.85709075907093	3.22697052801873	438	5.41355788010697e-10
PD30987_23	2.44801494018681	1.85709075907093	3.22697052801873	438	5.41355788010697e-10
PD30987_24	2.44801494018681	1.85709075907093	3.22697052801873	438	5.41355788010697e-10
PD30987_25	2.44801494018681	1.85709075907093	3.22697052801873	438	5.41355788010697e-10
PD30987_26	2.44801494018681	1.85709075907093	3.22697052801873	438	5.41355788010697e-10
PD30987_27	2.44801494018681	1.85709075907093	3.22697052801873	438	5.41355788010697e-10
PD30987_28	2.44801494018681	1.85709075907093	3.22697052801873	438	5.41355788010697e-10
PD30987_29	2.44801494018681	1.85709075907093	3.22697052801873	438	5.41355788010697e-10
PD30987_30	2.44801494018681	1.85709075907093	3.22697052801873	438	5.41355788010697e-10
PD30987_31	2.44801494018681	1.85709075907093	3.22697052801873	438	5.41355788010697e-10
PD30987_32	2.44801494018681	1.85709075907093	3.22697052801873	438	5.41355788010697e-10
PD30987_33	2.44801494018681	1.85709075907093	3.22697052801873	438	5.41355788010697e-10
PD30987_34	2.44801494018681	1.85709075907093	3.22697052801873	438	5.41355788010697e-10
PD30987_35	2.44801494018681	1.85709075907093	3.22697052801873	438	5.41355788010697e-10
PD30987_36	2.44801494018681	1.85709075907093	3.22697052801873	438	5.41355788010697e-10
PD30987_37	2.44801494018681	1.85709075907093	3.22697052801873	438	5.41355788010697e-10
PD30987_38	2.44801494018681	1.85709075907093	3.22697052801873	438	5.41355788010697e-10
PD30987_39	2.44801494018681	1.85709075907093	3.22697052801873	438	5.41355788010697e-10
PD30987_40	2.44801494018681	1.85709075907093	3.22697052801873	438	5.41355788010697e-10
PD30987_41	2.44801494018681	1.85709075907093	3.22697052801873	438	5.41355788010697e-10
PD30987_42	2.44801494018681	1.85709075907093	3.22697052801873	438	5.41355788010697e-10
PD30987_43	2.44801494018681	1.85709075907093	3.22697052801873	438	5.41355788010697e-10
PD30987_44	2.44801494018681	1.85709075907093	3.22697052801873	438	5.41355788010697e-10
PD30987_45	2.44801494018681	1.85709075907093	3.22697052801873	438	5.41355788010697e-10
PD30987_46	2.44801494018681	1.85709075907093	3.22697052801873	438	5.41355788010697e-10
PD30987_47	2.44801494018681	1.85709075907093	3.22697052801873	438	5.41355788010697e-10
PD30987_48	2.44801494018681	1.85709075907093	3.22697052801873	438	5.41355788010697e-10
PD30987_49	2.44801494018681	1.85709075907093	3.22697052801873	438	5.41355788010697e-10
PD30987_50	2.44801494018681	1.85709075907093	3.22697052801873	438	5.41355788010697e-10
PD30986_2	1.87066457363022	1.45190184851538	2.41020834198495	450	1.78911889864717e-06
PD31182_4	1.97290771730899	1.53795463787725	2.53087104466864	453	1.47373771669734e-07
PD31182_5	2.07940783081849	1.6223943141881	2.66515784051741	470	1.447123198115e-08
PD30273_2	2.00068442068146	1.55222326763976	2.57871289176323	472	1.41424402417317e-07
PD31182_6	2.10631595887923	1.64671798384953	2.69418744565963	484	6.26016064300264e-09
PD31182_7	2.11543398484668	1.6569520484131	2.70077878749125	496	3.96763683487585e-09
PD31182_8	2.10442541003755	1.65331669230955	2.67861948470701	506	3.2858060106551e-09
PD30988_2	1.80865686802186	1.43465691305105	2.28015467425293	512	7.89511207922621e-07
PD31182_9	2.12546823127633	1.67286755134832	2.70052174693913	519	1.57291553728995e-09
PD30986_3	2.22231025360566	1.73824764225652	2.84117334217676	528	4.82007069835225e-10
PD30273_3	2.03466238988161	1.60217442801672	2.58389534148497	531	1.13092156370023e-08
PD31182_10	2.11961167981336	1.67315379522158	2.6852006587991	531	1.14808574310534e-09
PD31182_11	2.13942784644113	1.68906473402535	2.70987335057285	535	7.08675662845288e-10
PD31182_12	2.18182231237212	1.72300333327026	2.76282030965644	542	2.53783909451436e-10
PD31182_13	2.18931900512223	1.72898956697251	2.77220741972562	543	2.11839264965933e-10
PD31182_14	2.20807032412063	1.74399637343077	2.7956334259291	546	1.34293535400593e-10
PD31182_15	2.2190631980674	1.75281029786561	2.80934079575715	548	1.02592884947922e-10
PD31182_16	2.24250076777453	1.77158572680865	2.83859235111827	552	5.78167699984514e-11
PD31182_17	2.24348873578192	1.77243126063107	2.83973873592611	553	5.61252956613605e-11
PD31182_18	2.24754529751877	1.77570093324305	2.84476950472341	554	5.07101556260274e-11
PD31182_19	2.28694139212398	1.80728069337087	2.89390627045045	561	1.92292050489302e-11
PD31182_20	2.28694139212398	1.80728069337087	2.89390627045045	561	1.92292050489302e-11
PD31182_21	2.29168684825793	1.81109483919187	2.89980872168008	562	1.70870411055261e-11
PD31182_22	2.29584791216485	1.8144472004101	2.90497162695084	563	1.53924785570984e-11
PD31182_23	2.30380283408291	1.82079789712452	2.91493498905632	564	1.26825269146075e-11
PD31182_24	2.31113917527585	1.82665989728587	2.92411537332767	565	1.0601478571653e-11
PD30273_4	2.19680899474991	1.73429500185658	2.78266947332943	567	1.88934844063438e-10
PD31182_25	2.32989426835787	1.84167470332736	2.94753861358866	568	6.68122005145322e-12
PD31182_26	2.34195136640742	1.85133226987922	2.96258877558234	570	4.96108319151774e-12
PD31182_27	2.34195136640742	1.85133226987922	2.96258877558234	570	4.96108319151774e-12
PD31182_28	2.34195136640742	1.85133226987922	2.96258877558234	570	4.96108319151774e-12
PD31182_29	2.34195136640742	1.85133226987922	2.96258877558234	570	4.96108319151774e-12
PD31182_30	2.34195136640742	1.85133226987922	2.96258877558234	570	4.96108319151774e-12
PD31182_31	2.34195136640742	1.85133226987922	2.96258877558234	570	4.96108319151774e-12
PD31182_32	2.34195136640742	1.85133226987922	2.96258877558234	570	4.96108319151774e-12
PD31182_33	2.34195136640742	1.85133226987922	2.96258877558234	570	4.96108319151774e-12
PD31182_34	2.34195136640742	1.85133226987922	2.96258877558234	570	4.96108319151774e-12
PD31182_35	2.34195136640742	1.85133226987922	2.96258877558234	570	4.96108319151774e-12
PD31182_36	2.34195136640742	1.85133226987922	2.96258877558234	570	4.96108319151774e-12
PD31182_37	2.34195136640742	1.85133226987922	2.96258877558234	570	4.96108319151774e-12
PD31182_38	2.34195136640742	1.85133226987922	2.96258877558234	570	4.96108319151774e-12
PD31182_39	2.34479207359324	1.85364111058978	2.96608110220233	571	4.60818400619712e-12
PD31182_40	2.34479207359324	1.85364111058978	2.96608110220233	571	4.60818400619712e-12
PD31182_41	2.34479207359324	1.85364111058978	2.96608110220233	571	4.60818400619712e-12
PD31182_42	2.34479207359324	1.85364111058978	2.96608110220233	571	4.60818400619712e-12
PD31182_43	2.34479207359324	1.85364111058978	2.96608110220233	571	4.60818400619712e-12
PD31182_44	2.34479207359324	1.85364111058978	2.96608110220233	571	4.60818400619712e-12
PD31182_45	2.35685522614133	1.86330378486048	2.98113844995255	573	3.42001210541967e-12
PD31182_46	2.35685522614133	1.86330378486048	2.98113844995255	573	3.42001210541967e-12
PD31182_47	2.35685522614133	1.86330378486048	2.98113844995255	573	3.42001210541967e-12
PD31182_48	2.35685522614133	1.86330378486048	2.98113844995255	573	3.42001210541967e-12
PD31182_49	2.35685522614133	1.86330378486048	2.98113844995255	573	3.42001210541967e-12
PD31182_50	2.35685522614133	1.86330378486048	2.98113844995255	573	3.42001210541967e-12
PD30986_4	2.39718830913711	1.88318853963684	3.05147980062146	574	4.78218680259521e-12
PD30988_3	1.97906021933121	1.58754014604278	2.46713720059446	590	2.84754925710187e-09
PD30273_5	2.25771491071412	1.78823994137352	2.85044333264679	593	2.50385952638772e-11
PD30986_5	2.36777618715922	1.87344508755765	2.99254251416949	598	2.23925933179979e-12
PD30986_6	2.42976422157686	1.92307056529855	3.06996231910942	608	4.80561429985565e-13
PD30273_6	2.22929439402946	1.7727717884312	2.80338029276128	609	2.3394847577149e-11
PD30986_7	2.48703138074194	1.96913478971601	3.1411384944792	621	1.12581292994965e-13
PD30273_7	2.253508900139	1.79473533953134	2.82955500521418	622	9.5352931789009e-12
PD30986_8	2.47722329277436	1.9639724485361	3.12460352834274	625	1.04633535843412e-13
PD30273_8	2.26543437690925	1.8044435536902	2.84419698559511	626	6.91216759327336e-12
PD30273_9	2.29157759018099	1.82558065379067	2.87652470512096	632	3.46594160519915e-12
PD30986_9	2.51185527510601	1.99181545121973	3.16767144225845	632	4.32582849439909e-14
PD30988_4	2.05664150364315	1.65829985662155	2.55066914323015	634	1.47691040443961e-10
PD30273_10	2.30890657045552	1.83959278967593	2.89795088402786	636	2.19091009909621e-12
PD30986_10	2.53646918122284	2.01155205271033	3.19836411820647	636	2.32214703336435e-14
PD30986_11	2.54706846497428	2.02012063549467	3.21147046927611	639	1.76104437980409e-14
PD30986_12	2.5245012481681	2.0047217375353	3.17904796095927	641	2.23735952780945e-14
PD30273_11	2.3318474820911	1.85817897195163	2.92625885978231	642	1.18739956377569e-12
PD30273_12	2.33947242277675	1.86435674326993	2.93566734837104	644	9.68369885528099e-13
PD30273_13	2.34635494373497	1.86989220189503	2.94422401270518	645	8.09396949345568e-13
PD30986_13	2.55615406927887	2.03012652190452	3.21848099386498	646	9.96983123844094e-15
PD30273_14	2.35390992330479	1.87601430552857	2.95354460288702	647	6.61096465110402e-13
PD30273_15	2.35682622378344	1.87838898936829	2.9571243659075	648	6.10554390654745e-13
PD30273_16	2.36086345929465	1.8816570214292	2.96211063438079	649	5.4815091489132e-13
PD30986_14	2.57281392184086	2.04351837158567	3.23920331153267	649	6.49673806846748e-15
PD30273_17	2.37718752411299	1.89471797568421	2.98251275246269	650	3.60953929170525e-13
PD30986_15	2.5749232039202	2.04524693034034	3.24177457877097	650	6.12807643352649e-15
PD30986_16	2.58273513316166	2.05150498318615	3.251525500907	651	5.02645019373596e-15
PD30986_17	2.58273513316166	2.05150498318615	3.251525500907	651	5.02645019373596e-15
PD30273_18	2.39058282931533	1.90554595479951	2.99908078806662	653	2.52731650922918e-13
PD30273_19	2.3964467530113	1.91027033593665	3.00635827923407	654	2.16613624150201e-13
PD30986_18	2.59892799983936	2.06452653492736	3.2716589659075	654	3.3119820605711e-15
PD30273_20	2.40158489723513	1.9144162380612	3.0127251869055	655	1.89082627544345e-13
PD30273_21	2.40158489723513	1.9144162380612	3.0127251869055	655	1.89082627544345e-13
PD30273_22	2.40158489723513	1.9144162380612	3.0127251869055	655	1.89082627544345e-13
PD30273_23	2.40158489723513	1.9144162380612	3.0127251869055	655	1.89082627544345e-13
PD30273_24	2.40513837120998	1.91724880674801	3.01718304077521	655	1.72847349401728e-13
PD30273_25	2.40513837120998	1.91724880674801	3.01718304077521	655	1.72847349401728e-13
PD30273_26	2.40513837120998	1.91724880674801	3.01718304077521	655	1.72847349401728e-13
PD30273_27	2.40513837120998	1.91724880674801	3.01718304077521	655	1.72847349401728e-13
PD30273_28	2.40513837120998	1.91724880674801	3.01718304077521	655	1.72847349401728e-13
PD30986_19	2.60507560902359	2.06946288478116	3.27931415375313	655	2.829404685042e-15
PD30273_29	2.41027449474508	1.92139325724521	3.02354716719881	656	1.50875491323532e-13
PD30273_30	2.41027449474508	1.92139325724521	3.02354716719881	656	1.50875491323532e-13
PD30273_31	2.41027449474508	1.92139325724521	3.02354716719881	656	1.50875491323532e-13
PD30273_32	2.4115043137981	1.92237359811119	3.02508995191186	656	1.46258629637762e-13
PD30986_20	2.6138756867493	2.07655918159034	3.29022460151922	657	2.24956472931178e-15
PD30986_21	2.6138756867493	2.07655918159034	3.29022460151922	657	2.24956472931178e-15
PD30986_22	2.6138756867493	2.07655918159034	3.29022460151922	657	2.24956472931178e-15
PD30986_23	2.6138756867493	2.07655918159034	3.29022460151922	657	2.24956472931178e-15
PD30273_33	2.4171640981703	1.92698563429677	3.03203208861268	658	1.2520470615291e-13
PD30273_34	2.4171640981703	1.92698563429677	3.03203208861268	658	1.2520470615291e-13
PD30273_35	2.4171640981703	1.92698563429677	3.03203208861268	658	1.2520470615291e-13
PD30273_36	2.4171640981703	1.92698563429677	3.03203208861268	658	1.2520470615291e-13
PD30273_37	2.4171640981703	1.92698563429677	3.03203208861268	658	1.2520470615291e-13
PD30273_38	2.4171640981703	1.92698563429677	3.03203208861268	658	1.2520470615291e-13
PD30273_39	2.4171640981703	1.92698563429677	3.03203208861268	658	1.2520470615291e-13
PD30273_40	2.4171640981703	1.92698563429677	3.03203208861268	658	1.2520470615291e-13
PD30273_41	2.4171640981703	1.92698563429677	3.03203208861268	658	1.2520470615291e-13
PD30273_42	2.4171640981703	1.92698563429677	3.03203208861268	658	1.2520470615291e-13
PD30273_43	2.4171640981703	1.92698563429677	3.03203208861268	658	1.2520470615291e-13
PD30273_44	2.4171640981703	1.92698563429677	3.03203208861268	658	1.2520470615291e-13
PD30273_45	2.4171640981703	1.92698563429677	3.03203208861268	658	1.2520470615291e-13
PD30273_46	2.4171640981703	1.92698563429677	3.03203208861268	658	1.2520470615291e-13
PD30273_47	2.4171640981703	1.92698563429677	3.03203208861268	658	1.2520470615291e-13
PD30273_48	2.4171640981703	1.92698563429677	3.03203208861268	658	1.2520470615291e-13
PD30273_49	2.42009607867674	1.92937294467347	3.03563136727707	659	1.15542272758366e-13
PD30986_24	2.62645500718496	2.08665795507039	3.30589203084521	659	1.63013863187601e-15
PD30273_50	2.42269678981893	1.9314961122815	3.03881519516284	660	1.07521146317582e-13
PD30986_25	2.63197963252716	2.09109963918073	3.31276265188007	660	1.41391472602641e-15
PD30986_26	2.63197963252716	2.09109963918073	3.31276265188007	660	1.41391472602641e-15
PD30988_5	2.16206055890639	1.74464608141566	2.67934334084856	660	6.89679338779486e-12
PD30986_27	2.63952009830869	2.09719535593347	3.32208743914296	662	1.15925054653154e-15
PD30986_28	2.63952009830869	2.09719535593347	3.32208743914296	662	1.15925054653154e-15
PD30986_29	2.64104290297988	2.0984052623778	3.32400406176858	662	1.1167444330162e-15
PD30986_30	2.64104290297988	2.0984052623778	3.32400406176858	662	1.1167444330162e-15
PD30986_31	2.64104290297988	2.0984052623778	3.32400406176858	662	1.1167444330162e-15
PD30986_32	2.64783841989771	2.10385683321205	3.33247404823757	663	9.38839874178303e-16
PD30986_33	2.64783841989771	2.10385683321205	3.33247404823757	663	9.38839874178303e-16
PD30986_34	2.64783841989771	2.10385683321205	3.33247404823757	663	9.38839874178303e-16
PD30986_35	2.64783841989771	2.10385683321205	3.33247404823757	663	9.38839874178303e-16
PD30986_36	2.64783841989771	2.10385683321205	3.33247404823757	663	9.38839874178303e-16
PD30986_37	2.64783841989771	2.10385683321205	3.33247404823757	663	9.38839874178303e-16
PD30986_38	2.64783841989771	2.10385683321205	3.33247404823757	663	9.38839874178303e-16
PD30986_39	2.64783841989771	2.10385683321205	3.33247404823757	663	9.38839874178303e-16
PD30986_40	2.64783841989771	2.10385683321205	3.33247404823757	663	9.38839874178303e-16
PD30986_41	2.64783841989771	2.10385683321205	3.33247404823757	663	9.38839874178303e-16
PD30986_42	2.64783841989771	2.10385683321205	3.33247404823757	663	9.38839874178303e-16
PD30986_43	2.64783841989771	2.10385683321205	3.33247404823757	663	9.38839874178303e-16
PD30986_44	2.64783841989771	2.10385683321205	3.33247404823757	663	9.38839874178303e-16
PD30986_45	2.65998419756809	2.11361191799502	3.34759464169933	665	6.87448593176217e-16
PD30986_46	2.65998419756809	2.11361191799502	3.34759464169933	665	6.87448593176217e-16
PD30986_47	2.65998419756809	2.11361191799502	3.34759464169933	665	6.87448593176217e-16
PD30986_48	2.65998419756809	2.11361191799502	3.34759464169933	665	6.87448593176217e-16
PD30986_49	2.65998419756809	2.11361191799502	3.34759464169933	665	6.87448593176217e-16
PD30986_50	2.65998419756809	2.11361191799502	3.34759464169933	665	6.87448593176217e-16
PD30988_6	2.23004763872808	1.80025347354794	2.76245125704197	675	9.41688171011841e-13
PD30988_7	2.26983731956874	1.83281237542214	2.81106867587598	684	2.90979250925361e-13
PD30988_8	2.2107843045696	1.79012139626105	2.73029932581094	689	7.94314505351687e-13
PD30988_9	2.22073836250195	1.80019610240902	2.7395231375561	699	4.5420867293079e-13
PD30988_10	2.22448658158848	1.80328073224916	2.74407665050318	700	4.04756212114401e-13
PD30988_11	2.22770247734593	1.80593385502532	2.74797347298393	701	3.66295849003622e-13
PD30988_12	2.23929432175251	1.81546926155832	2.76206222028174	704	2.56478923322952e-13
PD30988_13	2.24424712764099	1.81953051932141	2.76810150554838	705	2.20612989635405e-13
PD30988_14	2.24791147124874	1.82254722167361	2.77255147218161	706	1.9700924781011e-13
PD30988_15	2.25080164006341	1.82493626855027	2.77604654486737	707	1.79938681691422e-13
PD30988_16	2.25431107306009	1.82782736341851	2.78030546857382	708	1.61400184846702e-13
PD30988_17	2.26004631407671	1.83256872561304	2.78724026574393	710	1.34797248565276e-13
PD30988_18	2.26004631407671	1.83256872561304	2.78724026574393	710	1.34797248565276e-13
PD30988_19	2.26305130442098	1.8350507602062	2.79087713402872	711	1.22689344247367e-13
PD30988_20	2.2676015924762	1.83878582952006	2.79641973505023	712	1.06735792124046e-13
PD30988_21	2.27202285524869	1.84246152300739	2.80173441361559	714	9.26083285672357e-14
PD30988_22	2.2742354106051	1.8443458132892	2.80432588378107	716	8.57082634411482e-14
PD30988_23	2.2742354106051	1.8443458132892	2.80432588378107	716	8.57082634411482e-14
PD30988_24	2.2742354106051	1.8443458132892	2.80432588378107	716	8.57082634411482e-14
PD30988_25	2.2742354106051	1.8443458132892	2.80432588378107	716	8.57082634411482e-14
PD30988_26	2.2742354106051	1.8443458132892	2.80432588378107	716	8.57082634411482e-14
PD30988_27	2.2742354106051	1.8443458132892	2.80432588378107	716	8.57082634411482e-14
PD30988_28	2.2742354106051	1.8443458132892	2.80432588378107	716	8.57082634411482e-14
PD30988_29	2.2742354106051	1.8443458132892	2.80432588378107	716	8.57082634411482e-14
PD30988_30	2.2742354106051	1.8443458132892	2.80432588378107	716	8.57082634411482e-14
PD30988_31	2.2742354106051	1.8443458132892	2.80432588378107	716	8.57082634411482e-14
PD30988_32	2.2742354106051	1.8443458132892	2.80432588378107	716	8.57082634411482e-14
PD30988_33	2.27742663371108	1.84697866684552	2.80819273391771	717	7.75737267577472e-14
PD30988_34	2.28169197626347	1.85048263605282	2.81338401837157	718	6.80353377293106e-14
PD30988_35	2.28815808676771	1.85577144817234	2.82128892283414	719	5.59423764330751e-14
PD30988_36	2.28815808676771	1.85577144817234	2.82128892283414	719	5.59423764330751e-14
PD30988_37	2.28815808676771	1.85577144817234	2.82128892283414	719	5.59423764330751e-14
PD30988_38	2.28815808676771	1.85577144817234	2.82128892283414	719	5.59423764330751e-14
PD30988_39	2.29655662762335	1.86267237138153	2.83150833443077	721	4.31837903630656e-14
PD30988_40	2.29655662762335	1.86267237138153	2.83150833443077	721	4.31837903630656e-14
PD30988_41	2.29655662762335	1.86267237138153	2.83150833443077	721	4.31837903630656e-14
PD30988_42	2.29655662762335	1.86267237138153	2.83150833443077	721	4.31837903630656e-14
PD30988_43	2.29655662762335	1.86267237138153	2.83150833443077	721	4.31837903630656e-14
PD30988_44	2.29655662762335	1.86267237138153	2.83150833443077	721	4.31837903630656e-14
PD30988_45	2.29655662762335	1.86267237138153	2.83150833443077	721	4.31837903630656e-14
PD30988_46	2.29655662762335	1.86267237138153	2.83150833443077	721	4.31837903630656e-14
PD30988_47	2.29655662762335	1.86267237138153	2.83150833443077	721	4.31837903630656e-14
PD30988_48	2.29655662762335	1.86267237138153	2.83150833443077	721	4.31837903630656e-14
PD30988_49	2.29655662762335	1.86267237138153	2.83150833443077	721	4.31837903630656e-14
PD30988_50	2.29655662762335	1.86267237138153	2.83150833443077	721	4.31837903630656e-14
